scenario no.,scenario features demand,weather features demand,obstacle attribute features demand,obstacle operation features demand,total scenario demand,total scenario demand
0,1,1,3,0,5,10
1,1,1,3,0,5,10
2,1,1,3,0,5,10
3,1,1,3,0,5,10
4,1,1,3,0,5,10
5,1,1,3,0,5,10
6,1,1,3,0,5,10
7,1,1,4,0,6,12
8,1,1,4,0,6,12
9,1,1,4,0,6,12
10,1,1,4,0,6,12
11,1,1,4,0,6,12
12,1,1,4,0,6,12
13,1,1,4,0,6,12
14,1,1,3,0,5,10
15,1,1,3,0,5,10
16,1,1,3,0,5,10
17,1,1,1,0,3,6
18,1,1,1,5,8,16
19,1,1,1,0,3,6
20,1,1,3,0,5,10
21,1,1,3,10,15,30
22,1,1,3,10,15,30
23,0,1,1,1,3,6
24,1,1,1,2,5,10
25,1,1,3,10,15,30
26,1,1,3,10,15,30
27,1,1,1,2,5,10
28,1,1,1,2,5,10
29,2,1,0,0,3,6
30,2,1,3,10,16,32
31,1,1,1,1,4,8
32,0,1,1,2,4,8
33,0,1,3,0,4,8
34,0,1,3,0,4,8
35,1,1,3,10,15,30
36,1,1,3,0,5,10
37,1,1,1,0,3,6
38,2,1,1,0,4,8
39,1,1,0,0,2,4
40,1,1,0,0,2,4
41,2,1,0,0,3,6
42,1,1,1,0,3,6
43,1,1,1,0,3,6
44,1,1,1,10,13,26
45,1,1,1,10,13,26
46,2,1,2,5,10,20
47,2,1,2,7,12,24
48,1,1,2,10,14,28
49,2,3,1,5,11,22
50,2,3,4,10,19,38
51,2,3,4,10,19,38
52,1,3,1,10,15,30
53,2,3,1,10,16,32
54,1,3,1,0,5,10
55,2,3,1,10,16,32
56,3,3,2,10,18,36
57,2,3,2,10,17,34
58,2,3,1,10,16,32
59,2,3,1,10,16,32
60,0,3,0,0,3,6
61,2,3,0,0,5,10
62,2,3,0,0,5,10
63,3,3,0,0,6,12
64,1,3,3,0,7,14
65,1,3,3,0,7,14
66,1,3,3,0,7,14
67,1,3,3,0,7,14
68,1,3,3,0,7,14
69,3,3,0,0,6,12
70,1,3,3,0,7,14
71,3,3,0,0,6,12
72,1,1,3,0,5,10
73,1,1,3,0,5,10
74,1,1,3,0,5,10
75,1,1,3,0,5,10
76,1,1,3,0,5,10
77,1,1,4,0,6,12
78,1,1,4,0,6,12
79,1,1,4,0,6,12
80,1,1,4,0,6,12
81,1,1,4,0,6,12
82,1,1,4,0,6,12
83,1,1,4,0,6,12
84,1,1,4,10,16,32
85,1,1,4,0,6,12
86,2,1,3,0,6,12
87,2,1,3,0,6,12
88,1,1,3,0,5,10
89,1,1,3,0,5,10
90,0,1,3,10,14,28
91,0,1,3,10,14,28
92,0,1,3,10,14,28
93,0,1,3,10,14,28
94,0,1,3,10,14,28
95,1,1,3,10,15,30
96,1,1,3,0,5,10
97,1,1,3,0,5,10
98,1,1,3,0,5,10
99,1,1,3,0,5,10
100,1,1,3,0,5,10
101,1,1,3,0,5,10
102,1,1,3,0,5,10
103,1,1,4,0,6,12
104,1,1,4,0,6,12
105,1,1,4,0,6,12
106,1,1,4,0,6,12
107,1,1,4,0,6,12
108,1,1,4,0,6,12
109,1,1,2,10,14,28
110,1,1,4,0,6,12
111,1,1,3,0,5,10
112,1,1,3,0,5,10
113,1,1,3,0,5,10
114,1,1,3,0,5,10
115,1,1,3,0,5,10
116,0,1,3,0,4,8
117,0,1,3,0,4,8
118,1,1,3,0,5,10
119,1,1,3,0,5,10
120,1,1,3,0,5,10
121,1,1,3,10,15,30
122,2,1,3,0,6,12
123,2,1,1,0,4,8
124,2,1,3,0,6,12
125,2,1,3,10,16,32
126,2,1,3,10,16,32
127,1,1,1,1,4,8
128,0,1,3,4,8,16
129,1,1,3,3,8,16
130,1,1,1,0,3,6
131,1,1,1,0,3,6
132,1,1,3,10,15,30
133,1,1,3,3,8,16
134,0,1,3,3,7,14
135,0,1,2,2,5,10
136,0,1,1,2,4,8
137,0,1,3,10,14,28
138,1,1,3,0,5,10
139,1,1,3,0,5,10
140,1,1,3,0,5,10
141,1,1,3,0,5,10
142,1,1,3,0,5,10
143,1,1,3,0,5,10
144,1,1,4,0,6,12
145,1,1,4,0,6,12
146,1,1,4,0,6,12
147,1,1,4,0,6,12
148,1,1,4,0,6,12
149,1,1,4,0,6,12
150,1,1,4,0,6,12
151,1,1,3,10,15,30
152,1,1,3,0,5,10
153,1,1,3,0,5,10
154,1,1,3,0,5,10
155,1,1,3,0,5,10
156,1,1,1,10,13,26
157,1,1,3,0,5,10
158,1,1,3,0,5,10
159,1,1,3,10,15,30
160,1,1,1,0,3,6
161,1,1,1,4,7,14
162,1,1,1,0,3,6
163,1,1,3,0,5,10
164,1,1,3,0,5,10
165,1,1,3,10,15,30
166,1,1,3,0,5,10
167,1,1,3,0,5,10
168,1,1,3,0,5,10
169,1,1,3,10,15,30
170,0,1,1,2,4,8
171,0,1,1,2,4,8
172,0,1,1,2,4,8
173,0,1,1,2,4,8
174,1,1,3,0,5,10
175,1,1,3,0,5,10
176,1,1,3,0,5,10
177,1,1,3,0,5,10
178,1,1,3,0,5,10
179,1,1,3,0,5,10
180,1,1,4,0,6,12
181,1,1,4,0,6,12
182,1,1,4,0,6,12
183,1,1,4,0,6,12
184,1,1,4,0,6,12
185,1,1,4,0,6,12
186,1,1,4,10,16,32
187,1,1,4,10,16,32
188,1,1,3,0,5,10
189,1,1,3,0,5,10
190,1,1,3,0,5,10
191,1,1,3,0,5,10
192,0,1,3,0,4,8
193,1,1,3,10,15,30
194,0,1,3,10,14,28
195,0,1,3,10,14,28
196,0,1,3,10,14,28
197,0,1,3,10,14,28
198,0,1,3,10,14,28
199,3,1,3,10,17,34
200,1,1,3,10,15,30
201,1,1,3,10,15,30
202,1,1,3,10,15,30
203,0,1,3,10,14,28
204,0,1,3,10,14,28
205,0,1,3,10,14,28
206,0,1,3,10,14,28
207,0,1,3,10,14,28
208,0,1,3,10,14,28
209,0,1,3,10,14,28
210,1,1,3,0,5,10
211,1,1,3,0,5,10
212,1,1,3,0,5,10
213,1,1,3,0,5,10
214,1,1,3,0,5,10
215,1,1,3,0,5,10
216,1,1,4,0,6,12
217,1,1,4,0,6,12
218,1,1,4,0,6,12
219,1,1,4,0,6,12
220,1,1,4,0,6,12
221,1,1,4,0,6,12
222,1,1,4,0,6,12
223,1,1,4,0,6,12
224,1,1,4,10,16,32
225,1,1,4,0,6,12
226,1,1,1,0,3,6
227,1,1,1,0,3,6
228,1,1,3,0,5,10
229,1,1,3,0,5,10
230,2,1,1,2,6,12
231,1,1,3,5,10,20
232,1,1,2,4,8,16
233,1,1,1,2,5,10
234,2,1,0,0,3,6
235,2,1,3,0,6,12
236,2,1,1,0,4,8
237,1,1,3,0,5,10
238,1,1,3,0,5,10
239,1,1,3,0,5,10
240,1,1,3,0,5,10
241,1,1,4,0,6,12
242,1,1,4,0,6,12
243,1,1,4,0,6,12
244,2,1,4,0,7,14
245,1,1,4,0,6,12
246,2,1,4,0,7,14
247,2,1,4,0,7,14
248,1,1,4,0,6,12
249,2,1,4,0,7,14
250,1,1,4,10,16,32
251,2,1,4,0,7,14
252,2,1,4,10,17,34
253,2,1,1,10,14,28
254,1,1,4,0,6,12
255,2,1,4,0,7,14
256,2,1,4,0,7,14
257,2,1,4,4,11,22
258,1,1,4,0,6,12
259,1,1,3,0,5,10
260,1,1,3,0,5,10
261,1,1,3,0,5,10
262,2,1,3,0,6,12
263,1,1,3,0,5,10
264,1,1,0,0,2,4
265,2,3,1,0,6,12
266,2,3,1,10,16,32
267,2,3,1,10,16,32
268,2,3,1,0,6,12
269,2,3,1,10,16,32
270,2,3,0,5,10,20
271,2,3,0,0,5,10
272,2,3,0,0,5,10
273,1,3,3,0,7,14
274,1,3,3,0,7,14
275,1,3,3,0,7,14
276,1,3,3,0,7,14
277,1,3,3,0,7,14
278,1,3,3,0,7,14
279,2,3,3,0,8,16
280,2,3,3,0,8,16
281,3,3,0,0,6,12
282,1,3,3,0,7,14
283,1,3,3,0,7,14
284,1,3,3,0,7,14
285,2,3,0,0,5,10
286,3,3,0,0,6,12
287,2,3,0,0,5,10
288,2,3,3,0,8,16
289,2,3,2,5,12,24
290,1,3,1,2,7,14
291,2,3,2,7,14,28
292,1,1,3,0,5,10
293,1,1,3,0,5,10
294,1,1,3,0,5,10
295,1,1,3,0,5,10
296,1,1,3,0,5,10
297,1,1,3,0,5,10
298,1,1,3,0,5,10
299,1,1,3,0,5,10
300,1,1,4,0,6,12
301,1,1,4,0,6,12
302,1,1,4,0,6,12
303,1,1,4,0,6,12
304,1,1,4,0,6,12
305,1,1,4,0,6,12
306,1,1,4,0,6,12
307,1,1,3,0,5,10
308,1,1,3,0,5,10
309,1,1,3,0,5,10
310,1,1,3,0,5,10
311,1,1,3,0,5,10
312,1,1,3,0,5,10
313,1,1,3,0,5,10
314,1,1,3,0,5,10
315,1,1,3,0,5,10
316,1,1,3,0,5,10
317,1,1,3,10,15,30
318,1,1,3,0,5,10
319,2,1,1,0,4,8
320,2,1,1,0,4,8
321,2,1,3,0,6,12
322,2,1,3,0,6,12
323,1,1,3,0,5,10
324,0,1,3,0,4,8
325,1,1,3,10,15,30
326,1,1,1,2,5,10
327,1,1,3,10,15,30
328,2,1,3,7,13,26
329,3,1,1,3,8,16
330,1,1,3,10,15,30
331,1,1,3,10,15,30
332,1,1,3,10,15,30
333,1,1,3,10,15,30
334,1,1,3,0,5,10
335,1,1,3,0,5,10
336,1,1,3,0,5,10
337,1,1,3,0,5,10
338,1,1,3,0,5,10
339,1,1,3,0,5,10
340,1,1,3,0,5,10
341,1,1,4,0,6,12
342,1,1,4,0,6,12
343,1,1,4,0,6,12
344,1,1,4,0,6,12
345,1,1,4,0,6,12
346,1,1,4,10,16,32
347,1,1,4,10,16,32
348,1,1,3,10,15,30
349,2,1,3,0,6,12
350,1,1,3,10,15,30
351,1,1,3,0,5,10
352,1,1,3,0,5,10
353,1,1,3,0,5,10
354,1,1,3,0,5,10
355,0,1,3,10,14,28
356,0,1,3,10,14,28
357,0,1,3,10,14,28
358,1,1,3,10,15,30
359,1,1,3,0,5,10
360,1,1,3,0,5,10
361,1,1,3,0,5,10
362,1,1,3,0,5,10
363,1,1,3,0,5,10
364,1,1,3,0,5,10
365,1,1,4,0,6,12
366,1,1,4,0,6,12
367,1,1,4,0,6,12
368,1,1,4,0,6,12
369,1,1,4,0,6,12
370,1,1,4,0,6,12
371,1,1,4,0,6,12
372,1,1,4,0,6,12
373,1,1,3,10,15,30
374,1,1,3,10,15,30
375,1,1,3,0,5,10
376,1,1,3,0,5,10
377,1,1,3,10,15,30
378,1,1,3,0,5,10
379,1,1,3,0,5,10
380,1,1,3,0,5,10
381,1,1,3,0,5,10
382,1,1,3,0,5,10
383,1,1,3,0,5,10
384,2,1,1,0,4,8
385,2,1,3,0,6,12
386,2,1,1,10,14,28
387,1,1,3,10,15,30
388,1,1,3,10,15,30
389,1,1,3,0,5,10
390,1,1,3,5,10,20
391,1,1,1,0,3,6
392,1,1,3,5,10,20
393,1,1,3,0,5,10
394,1,1,3,0,5,10
395,1,1,3,0,5,10
396,2,1,3,0,6,12
397,1,1,3,10,15,30
398,2,1,3,0,6,12
399,1,1,3,0,5,10
400,2,1,3,0,6,12
401,2,1,3,0,6,12
402,2,1,0,0,3,6
403,2,1,0,0,3,6
404,2,1,0,10,13,26
405,1,1,3,0,5,10
406,1,1,3,0,5,10
407,1,1,4,0,6,12
408,1,1,4,0,6,12
409,1,1,4,0,6,12
410,1,1,4,0,6,12
411,1,1,4,0,6,12
412,1,1,4,0,6,12
413,1,1,4,0,6,12
414,2,1,4,0,7,14
415,2,1,4,10,17,34
416,2,1,4,0,7,14
417,2,1,4,0,7,14
418,1,1,4,0,6,12
419,2,3,4,0,9,18
420,2,3,4,0,9,18
421,1,3,4,0,8,16
422,3,3,4,10,20,40
423,1,3,3,0,7,14
424,1,3,4,0,8,16
425,2,3,4,4,13,26
426,4,3,4,4,15,30
427,3,3,3,0,9,18
428,1,3,3,10,17,34
429,2,3,3,0,8,16
430,1,3,3,0,7,14
431,1,3,3,0,7,14
432,1,3,3,0,7,14
433,1,3,3,0,7,14
434,1,3,3,0,7,14
435,1,3,3,0,7,14
436,1,3,3,0,7,14
437,1,3,3,0,7,14
438,1,3,3,0,7,14
439,2,3,3,0,8,16
440,1,3,3,10,17,34
441,2,3,1,0,6,12
442,2,3,1,0,6,12
443,1,3,2,5,11,22
444,1,3,1,5,10,20
445,1,3,1,2,7,14
446,0,3,1,2,6,12
447,0,3,1,2,6,12
448,0,3,1,2,6,12
449,1,3,1,5,10,20
450,0,3,1,2,6,12
451,0,3,1,2,6,12
452,1,3,1,2,7,14
453,1,3,1,2,7,14
454,1,3,1,2,7,14
455,3,3,1,6,13,26
456,3,3,1,8,15,30
457,3,3,1,8,15,30
458,1,3,1,8,13,26
459,2,3,1,0,6,12
460,3,3,1,2,9,18
461,1,1,3,0,5,10
462,1,1,3,0,5,10
463,1,1,3,0,5,10
464,1,1,3,0,5,10
465,1,1,3,0,5,10
466,1,1,3,0,5,10
467,1,1,4,0,6,12
468,1,1,4,0,6,12
469,1,1,4,0,6,12
470,1,1,4,0,6,12
471,1,1,4,0,6,12
472,1,1,4,0,6,12
473,1,1,4,0,6,12
474,1,1,4,0,6,12
475,1,1,3,10,15,30
476,1,1,3,0,5,10
477,1,1,3,0,5,10
478,1,1,3,10,15,30
479,1,1,3,10,15,30
480,1,1,3,10,15,30
481,1,1,3,0,5,10
482,1,1,3,0,5,10
483,1,1,3,0,5,10
484,1,1,3,0,5,10
485,1,1,3,0,5,10
486,1,1,3,10,15,30
487,1,1,3,0,5,10
488,2,1,3,0,6,12
489,2,1,3,0,6,12
490,1,1,3,0,5,10
491,1,1,3,5,10,20
492,0,1,1,0,2,4
493,1,1,1,0,3,6
494,1,1,1,0,3,6
495,3,1,2,3,9,18
496,3,1,2,0,6,12
497,1,1,1,0,3,6
498,0,1,1,1,3,6
499,0,1,1,5,7,14
500,1,1,1,6,9,18
501,1,1,1,10,13,26
502,2,1,3,10,16,32
503,0,1,3,10,14,28
504,0,1,3,10,14,28
505,0,1,3,10,14,28
506,0,1,3,10,14,28
507,0,1,3,10,14,28
508,0,1,3,10,14,28
509,0,1,3,10,14,28
510,0,1,1,2,4,8
511,1,2,3,0,6,12
512,1,2,3,0,6,12
513,1,2,3,0,6,12
514,1,2,3,0,6,12
515,1,2,3,0,6,12
516,1,2,4,0,7,14
517,1,2,4,0,7,14
518,1,4,4,0,9,18
519,1,4,4,0,9,18
520,1,4,4,0,9,18
521,1,4,4,0,9,18
522,1,4,4,0,9,18
523,1,4,4,0,9,18
524,1,4,4,0,9,18
525,1,4,4,0,9,18
526,1,4,4,0,9,18
527,1,4,4,0,9,18
528,1,4,1,0,6,12
529,1,4,1,0,6,12
530,1,4,3,0,8,16
531,1,4,1,0,6,12
532,1,4,3,0,8,16
533,1,4,3,0,8,16
534,0,4,3,0,7,14
535,0,4,3,0,7,14
536,0,4,3,10,17,34
537,0,4,3,10,17,34
538,0,4,3,10,17,34
539,1,4,0,0,5,10
540,1,4,3,0,8,16
541,1,4,3,0,8,16
542,2,4,0,0,6,12
543,2,4,3,0,9,18
544,2,4,3,0,9,18
545,2,4,1,0,7,14
546,1,4,4,0,9,18
547,1,4,4,0,9,18
548,1,4,4,0,9,18
549,1,4,4,0,9,18
550,1,4,4,0,9,18
551,2,4,4,0,10,20
552,1,4,4,0,9,18
553,2,4,4,4,14,28
554,1,4,4,0,9,18
555,2,4,4,0,10,20
556,3,4,4,10,21,42
557,2,4,4,10,20,40
558,2,4,1,10,17,34
559,1,3,4,0,8,16
560,1,3,4,10,18,36
561,1,3,3,0,7,14
562,2,1,3,10,16,32
563,1,1,3,0,5,10
564,1,1,3,0,5,10
565,1,1,3,0,5,10
566,1,1,3,0,5,10
567,1,1,3,0,5,10
568,1,1,4,0,6,12
569,1,1,4,0,6,12
570,1,1,4,0,6,12
571,1,1,4,0,6,12
572,1,1,4,0,6,12
573,1,1,4,0,6,12
574,1,1,4,0,6,12
575,1,1,4,10,16,32
576,1,1,3,10,15,30
577,1,1,3,10,15,30
578,1,1,3,0,5,10
579,1,1,1,0,3,6
580,1,1,3,0,5,10
581,1,1,3,0,5,10
582,2,1,1,2,6,12
583,1,1,1,10,13,26
584,1,1,1,10,13,26
585,1,1,3,0,5,10
586,2,1,1,5,9,18
587,1,1,2,1,5,10
588,1,1,1,0,3,6
589,1,1,3,0,5,10
590,1,1,1,3,6,12
591,1,1,0,0,2,4
592,1,1,3,0,5,10
593,1,1,3,0,5,10
594,1,1,3,0,5,10
595,1,1,4,0,6,12
596,1,1,4,0,6,12
597,1,1,4,0,6,12
598,1,1,4,0,6,12
599,1,1,4,0,6,12
600,1,1,4,0,6,12
601,2,1,4,0,7,14
602,2,1,4,0,7,14
603,2,3,4,0,9,18
604,2,3,4,0,9,18
605,2,3,4,0,9,18
606,2,3,4,0,9,18
607,1,3,4,10,18,36
608,2,3,4,0,9,18
609,2,3,4,0,9,18
610,2,3,4,0,9,18
611,1,3,4,0,8,16
612,2,3,1,0,6,12
613,2,3,1,0,6,12
614,1,3,4,0,8,16
615,1,3,4,10,18,36
616,2,3,4,0,9,18
617,3,3,2,0,8,16
618,3,3,1,0,7,14
619,2,3,2,1,8,16
620,3,3,2,5,13,26
621,2,3,2,1,8,16
622,2,3,1,5,11,22
623,2,3,1,5,11,22
624,2,3,3,5,13,26
625,2,3,3,0,8,16
626,1,3,3,7,14,28
627,1,3,3,0,7,14
628,0,3,3,0,6,12
629,0,3,3,0,6,12
630,0,3,3,0,6,12
631,1,1,3,0,5,10
632,1,1,3,0,5,10
633,1,1,3,0,5,10
634,1,1,3,0,5,10
635,1,1,3,0,5,10
636,1,1,3,0,5,10
637,1,1,4,0,6,12
638,1,1,4,0,6,12
639,1,1,4,0,6,12
640,1,1,4,0,6,12
641,1,1,4,0,6,12
642,1,1,4,10,16,32
643,1,1,4,0,6,12
644,2,1,3,10,16,32
645,1,1,3,0,5,10
646,2,1,3,0,6,12
647,2,1,3,0,6,12
648,2,1,3,0,6,12
649,1,1,3,0,5,10
650,1,1,3,0,5,10
651,1,1,3,0,5,10
652,1,1,1,3,6,12
653,1,1,3,10,15,30
654,1,1,0,0,2,4
655,1,1,3,0,5,10
656,1,1,3,0,5,10
657,2,1,3,0,6,12
658,2,1,3,0,6,12
659,2,1,3,0,6,12
660,3,1,1,10,15,30
661,2,1,3,10,16,32
662,1,1,1,0,3,6
663,1,1,1,5,8,16
664,0,1,3,0,4,8
665,0,1,3,0,4,8
666,1,1,3,10,15,30
667,1,1,3,0,5,10
668,1,1,3,10,15,30
669,1,1,3,0,5,10
670,2,1,3,0,6,12
671,2,1,3,0,6,12
672,1,1,3,0,5,10
673,1,1,3,0,5,10
674,1,1,3,10,15,30
675,2,1,1,3,7,14
676,1,1,1,2,5,10
677,2,1,0,0,3,6
678,1,1,1,0,3,6
679,1,1,3,0,5,10
680,1,1,4,0,6,12
681,1,1,4,0,6,12
682,2,1,4,0,7,14
683,1,1,4,0,6,12
684,1,1,4,0,6,12
685,2,1,4,0,7,14
686,1,1,4,0,6,12
687,1,1,4,0,6,12
688,1,1,4,0,6,12
689,2,1,4,0,7,14
690,2,3,4,0,9,18
691,2,3,1,10,16,32
692,2,3,4,0,9,18
693,2,3,4,0,9,18
694,2,3,4,0,9,18
695,2,3,4,0,9,18
696,2,3,4,0,9,18
697,2,3,4,0,9,18
698,3,3,4,4,14,28
699,2,3,4,4,13,26
700,2,3,4,0,9,18
701,1,3,4,0,8,16
702,1,3,4,0,8,16
703,2,3,4,0,9,18
704,2,3,4,0,9,18
705,2,3,4,0,9,18
706,2,3,3,0,8,16
707,2,3,3,0,8,16
708,2,3,3,0,8,16
709,0,3,2,0,5,10
710,2,3,2,0,7,14
711,1,1,3,0,5,10
712,1,1,3,0,5,10
713,1,1,3,0,5,10
714,1,1,3,0,5,10
715,1,1,3,0,5,10
716,1,1,4,0,6,12
717,1,1,4,0,6,12
718,1,1,4,0,6,12
719,1,1,4,0,6,12
720,1,1,4,0,6,12
721,1,1,4,0,6,12
722,1,1,4,0,6,12
723,1,1,4,0,6,12
724,1,1,3,0,5,10
725,1,1,3,0,5,10
726,1,1,3,0,5,10
727,1,1,3,0,5,10
728,1,1,3,0,5,10
729,1,1,4,10,16,32
730,1,1,4,0,6,12
731,1,1,3,0,5,10
732,1,1,1,2,5,10
733,1,1,3,0,5,10
734,2,1,1,2,6,12
735,2,1,3,10,16,32
736,1,1,3,10,15,30
737,2,1,3,0,6,12
738,1,1,3,0,5,10
739,1,1,1,0,3,6
740,0,1,1,0,2,4
741,0,1,1,0,2,4
742,2,1,0,0,3,6
743,2,1,0,0,3,6
744,1,1,4,0,6,12
745,1,1,4,0,6,12
746,1,1,4,0,6,12
747,1,1,4,0,6,12
748,1,1,4,0,6,12
749,1,1,4,0,6,12
750,1,1,4,0,6,12
751,2,1,4,0,7,14
752,1,1,4,0,6,12
753,2,1,4,0,7,14
754,3,1,1,4,9,18
755,2,1,4,0,7,14
756,1,1,4,10,16,32
757,2,1,4,10,17,34
758,2,1,4,0,7,14
759,2,1,4,0,7,14
760,1,1,4,0,6,12
761,2,1,1,10,14,28
762,2,1,1,10,14,28
763,3,1,1,10,15,30
764,2,1,3,10,16,32
765,3,1,4,2,10,20
766,2,1,3,0,6,12
767,2,1,3,0,6,12
768,2,1,3,0,6,12
769,2,1,3,0,6,12
770,2,1,3,0,6,12
771,2,1,3,0,6,12
772,3,1,3,0,7,14
773,3,1,3,0,7,14
774,2,3,0,0,5,10
775,2,3,0,0,5,10
776,2,3,0,10,15,30
777,2,3,0,0,5,10
778,1,3,3,0,7,14
779,1,3,3,0,7,14
780,1,3,3,0,7,14
781,1,3,3,0,7,14
782,2,3,3,0,8,16
783,1,3,3,0,7,14
784,0,3,3,3,9,18
785,1,3,2,2,8,16
786,2,3,3,1,9,18
787,0,3,3,0,6,12
788,0,3,3,5,11,22
789,2,3,3,2,10,20
790,0,3,3,2,8,16
791,1,1,3,0,5,10
792,1,1,3,0,5,10
793,1,1,3,0,5,10
794,1,1,3,0,5,10
795,1,1,3,0,5,10
796,1,1,3,0,5,10
797,1,1,4,0,6,12
798,1,1,4,0,6,12
799,1,1,4,0,6,12
800,1,1,4,0,6,12
801,1,1,4,0,6,12
802,1,1,4,0,6,12
803,1,1,4,0,6,12
804,1,1,3,0,5,10
805,1,1,3,0,5,10
806,1,1,3,10,15,30
807,1,1,3,0,5,10
808,1,1,1,10,13,26
809,1,1,3,0,5,10
810,1,1,3,0,5,10
811,1,1,2,2,6,12
812,1,1,3,10,15,30
813,1,1,1,0,3,6
814,1,1,3,10,15,30
815,1,1,2,5,9,18
816,1,1,1,0,3,6
817,1,1,3,0,5,10
818,1,1,3,0,5,10
819,0,1,3,10,14,28
820,1,1,3,10,15,30
821,0,1,3,10,14,28
822,1,1,3,10,15,30
823,0,1,3,10,14,28
824,0,1,3,10,14,28
825,0,1,3,10,14,28
826,0,1,3,10,14,28
827,1,1,3,0,5,10
828,1,1,3,0,5,10
829,1,1,3,0,5,10
830,1,1,3,0,5,10
831,1,1,3,0,5,10
832,1,1,3,0,5,10
833,1,1,3,0,5,10
834,1,1,3,0,5,10
835,1,1,4,0,6,12
836,1,1,4,0,6,12
837,1,1,4,0,6,12
838,1,1,4,0,6,12
839,1,1,4,0,6,12
840,1,1,4,0,6,12
841,1,1,4,0,6,12
842,1,1,3,10,15,30
843,2,1,3,10,16,32
844,1,1,1,6,9,18
845,1,1,1,6,9,18
846,1,1,1,6,9,18
847,1,1,2,5,9,18
848,1,1,2,10,14,28
849,1,1,3,10,15,30
850,0,1,3,10,14,28
851,0,1,3,10,14,28
852,1,1,3,10,15,30
853,1,1,3,10,15,30
854,0,1,3,0,4,8
855,0,1,3,0,4,8
856,1,1,3,0,5,10
857,1,1,3,0,5,10
858,1,1,3,0,5,10
859,1,1,3,0,5,10
860,2,1,1,10,14,28
861,3,1,1,10,15,30
862,2,1,3,10,16,32
863,2,1,3,10,16,32
864,3,1,1,6,11,22
865,3,1,1,2,7,14
866,0,1,1,0,2,4
867,0,1,3,0,4,8
868,0,1,3,10,14,28
869,0,1,3,10,14,28
870,0,1,3,10,14,28
871,1,1,3,0,5,10
872,1,1,3,0,5,10
873,1,1,3,0,5,10
874,1,1,3,0,5,10
875,1,1,3,0,5,10
876,1,1,3,0,5,10
877,1,1,3,0,5,10
878,1,1,3,0,5,10
879,1,1,4,0,6,12
880,1,1,4,0,6,12
881,1,1,4,0,6,12
882,1,1,4,0,6,12
883,1,1,4,0,6,12
884,1,1,4,0,6,12
885,1,1,3,10,15,30
886,1,1,3,10,15,30
887,1,1,3,0,5,10
888,1,1,1,5,8,16
889,1,1,1,10,13,26
890,1,1,1,10,13,26
891,2,1,0,10,13,26
892,1,1,0,0,2,4
893,1,1,3,0,5,10
894,1,1,3,0,5,10
895,1,1,3,0,5,10
896,1,1,3,0,5,10
897,1,1,3,10,15,30
898,2,1,0,0,3,6
899,2,1,1,0,4,8
900,2,1,1,0,4,8
901,2,1,3,0,6,12
902,2,1,1,10,14,28
903,1,1,3,5,10,20
904,0,1,3,5,9,18
905,1,1,3,5,10,20
906,1,1,3,5,10,20
907,2,1,3,7,13,26
908,1,1,3,10,15,30
909,1,1,3,10,15,30
910,2,1,3,10,16,32
911,1,1,3,10,15,30
912,2,1,3,10,16,32
913,1,1,3,10,15,30
914,2,1,2,10,15,30
915,2,1,2,10,15,30
916,3,1,2,10,16,32
917,2,1,3,10,16,32
918,1,1,3,10,15,30
919,1,1,3,10,15,30
920,1,1,3,10,15,30
921,1,1,3,10,15,30
922,1,1,3,10,15,30
923,1,1,3,10,15,30
924,1,1,3,0,5,10
925,1,1,3,0,5,10
926,1,1,3,0,5,10
927,1,1,3,0,5,10
928,1,1,3,0,5,10
929,1,1,4,0,6,12
930,1,1,4,0,6,12
931,1,1,4,0,6,12
932,1,1,4,0,6,12
933,1,1,4,0,6,12
934,1,1,4,0,6,12
935,1,1,1,10,13,26
936,1,1,4,0,6,12
937,1,1,3,10,15,30
938,1,1,3,10,15,30
939,2,1,3,0,6,12
940,2,1,3,0,6,12
941,1,1,3,0,5,10
942,1,1,3,0,5,10
943,1,1,3,0,5,10
944,0,1,3,0,4,8
945,2,1,3,10,16,32
946,1,1,3,10,15,30
947,1,1,3,10,15,30
948,0,1,3,10,14,28
949,0,1,3,10,14,28
950,0,1,3,0,4,8
951,0,1,3,0,4,8
952,1,1,3,0,5,10
953,1,1,3,0,5,10
954,2,1,3,0,6,12
955,1,1,3,0,5,10
956,1,1,0,0,2,4
957,2,1,3,10,16,32
958,2,1,3,10,16,32
959,2,1,3,10,16,32
960,2,1,2,2,7,14
961,2,1,2,2,7,14
962,1,1,3,0,5,10
963,1,1,3,0,5,10
964,1,1,3,0,5,10
965,1,1,3,0,5,10
966,1,1,3,0,5,10
967,1,1,3,0,5,10
968,1,1,4,0,6,12
969,1,1,4,0,6,12
970,1,1,4,0,6,12
971,1,1,4,0,6,12
972,1,1,4,0,6,12
973,1,1,4,0,6,12
974,1,1,4,0,6,12
975,1,1,4,0,6,12
976,1,1,3,10,15,30
977,1,1,3,0,5,10
978,1,1,3,0,5,10
979,1,1,1,0,3,6
980,1,1,1,0,3,6
981,1,1,1,5,8,16
982,1,1,1,4,7,14
983,1,1,1,5,8,16
984,1,1,3,10,15,30
985,0,1,3,10,14,28
986,1,1,3,10,15,30
987,1,1,3,10,15,30
988,0,1,3,10,14,28
989,2,1,3,10,16,32
990,1,1,3,10,15,30
991,1,1,3,10,15,30
992,3,1,3,10,17,34
993,0,1,3,10,14,28
994,0,1,3,10,14,28
995,1,1,3,10,15,30
996,0,1,3,10,14,28
997,0,1,3,10,14,28
998,1,1,3,10,15,30
999,0,1,3,10,14,28
1000,1,1,3,10,15,30
1001,0,1,3,10,14,28
1002,1,1,3,0,5,10
1003,1,1,3,0,5,10
1004,1,1,3,0,5,10
1005,1,1,3,0,5,10
1006,1,1,3,0,5,10
1007,1,1,3,0,5,10
1008,1,1,3,0,5,10
1009,1,1,3,10,15,30
1010,1,1,3,10,15,30
1011,1,1,3,0,5,10
1012,1,1,3,10,15,30
1013,1,1,3,0,5,10
1014,1,1,3,0,5,10
1015,0,1,3,0,4,8
1016,0,1,3,0,4,8
1017,0,1,0,0,1,2
1018,1,1,0,0,2,4
1019,2,1,3,0,6,12
1020,2,1,3,0,6,12
1021,2,1,3,10,16,32
1022,2,1,3,0,6,12
1023,1,1,4,0,6,12
1024,1,1,4,0,6,12
1025,1,1,4,0,6,12
1026,1,1,4,0,6,12
1027,1,1,4,0,6,12
1028,1,1,4,0,6,12
1029,1,1,4,0,6,12
1030,1,1,4,0,6,12
1031,1,1,4,0,6,12
1032,1,1,4,0,6,12
1033,1,1,4,0,6,12
1034,1,1,4,0,6,12
1035,1,1,4,0,6,12
1036,1,1,1,10,13,26
1037,1,3,4,0,8,16
1038,1,3,4,0,8,16
1039,1,3,3,10,17,34
1040,2,3,3,10,18,36
1041,2,3,3,10,18,36
1042,2,3,3,0,8,16
1043,2,3,3,0,8,16
1044,2,3,3,2,10,20
1045,2,3,3,2,10,20
1046,2,3,3,10,18,36
1047,3,3,3,10,19,38
1048,3,3,3,10,19,38
1049,3,3,3,10,19,38
1050,1,3,3,10,17,34
1051,1,1,3,0,5,10
1052,1,1,3,0,5,10
1053,1,1,3,0,5,10
1054,1,1,3,0,5,10
1055,1,1,3,0,5,10
1056,1,1,3,0,5,10
1057,1,1,3,0,5,10
1058,1,1,3,0,5,10
1059,1,1,4,0,6,12
1060,1,1,4,0,6,12
1061,1,1,4,0,6,12
1062,1,1,4,0,6,12
1063,1,1,4,0,6,12
1064,1,1,4,10,16,32
1065,1,1,3,10,15,30
1066,1,1,3,0,5,10
1067,1,1,3,10,15,30
1068,1,1,3,10,15,30
1069,1,1,3,10,15,30
1070,0,1,3,0,4,8
1071,1,1,3,0,5,10
1072,1,1,3,0,5,10
1073,1,1,3,0,5,10
1074,1,1,3,0,5,10
1075,2,1,1,0,4,8
1076,2,1,1,2,6,12
1077,2,1,1,2,6,12
1078,2,1,1,2,6,12
1079,1,1,3,0,5,10
1080,1,1,1,0,3,6
1081,1,1,1,2,5,10
1082,1,1,1,2,5,10
1083,2,1,2,2,7,14
1084,2,1,2,2,7,14
1085,2,1,3,10,16,32
1086,1,1,3,10,15,30
1087,1,1,1,2,5,10
1088,0,1,3,10,14,28
1089,1,1,3,10,15,30
1090,0,1,1,2,4,8
1091,0,1,1,2,4,8
1092,1,1,1,0,3,6
1093,0,1,1,0,2,4
1094,2,1,3,0,6,12
1095,2,1,3,10,16,32
1096,2,1,3,0,6,12
1097,1,1,3,0,5,10
1098,1,1,4,0,6,12
1099,1,1,4,0,6,12
1100,1,1,4,0,6,12
1101,1,1,4,0,6,12
1102,1,1,4,0,6,12
1103,1,1,4,0,6,12
1104,1,1,4,0,6,12
1105,1,1,4,0,6,12
1106,1,1,4,0,6,12
1107,2,1,4,0,7,14
1108,2,1,4,0,7,14
1109,2,1,4,0,7,14
1110,2,1,4,0,7,14
1111,2,1,4,0,7,14
1112,1,1,4,0,6,12
1113,1,3,4,0,8,16
1114,2,3,4,0,9,18
1115,2,3,3,0,8,16
1116,2,3,3,0,8,16
1117,2,3,3,4,12,24
1118,2,3,3,4,12,24
1119,1,3,3,0,7,14
1120,1,1,1,0,3,6
1121,1,1,3,0,5,10
1122,1,1,3,0,5,10
1123,1,1,3,0,5,10
1124,1,1,3,0,5,10
1125,1,1,3,0,5,10
1126,1,1,3,0,5,10
1127,1,1,3,0,5,10
1128,1,1,3,0,5,10
1129,1,1,4,0,6,12
1130,1,1,4,0,6,12
1131,1,1,4,0,6,12
1132,1,1,4,0,6,12
1133,1,1,4,0,6,12
1134,1,1,4,0,6,12
1135,1,1,4,10,16,32
1136,1,1,3,0,5,10
1137,1,1,3,0,5,10
1138,1,1,3,0,5,10
1139,1,1,3,10,15,30
1140,1,1,3,10,15,30
1141,1,1,3,10,15,30
1142,1,1,3,10,15,30
1143,0,1,3,10,14,28
1144,0,1,3,10,14,28
1145,1,1,3,10,15,30
1146,1,1,3,10,15,30
1147,2,1,3,10,16,32
1148,1,1,3,10,15,30
1149,1,1,3,10,15,30
1150,2,1,3,10,16,32
1151,1,1,3,10,15,30
1152,0,1,3,10,14,28
1153,0,1,3,10,14,28
1154,0,1,3,10,14,28
1155,0,1,3,10,14,28
1156,0,1,3,10,14,28
1157,0,1,3,10,14,28
1158,0,1,3,0,4,8
1159,1,1,3,0,5,10
1160,2,1,3,0,6,12
1161,1,1,3,0,5,10
1162,1,1,3,0,5,10
1163,1,1,3,10,15,30
1164,1,1,0,0,2,4
1165,2,1,1,2,6,12
1166,2,1,1,2,6,12
1167,1,1,1,2,5,10
1168,1,1,3,10,15,30
1169,1,1,2,6,10,20
1170,1,1,3,0,5,10
1171,1,1,3,10,15,30
1172,1,1,1,2,5,10
1173,0,1,3,10,14,28
1174,1,1,1,2,5,10
1175,0,1,1,2,4,8
1176,0,1,1,2,4,8
1177,0,1,1,2,4,8
1178,0,1,1,2,4,8
1179,0,1,1,2,4,8
1180,2,1,3,0,6,12
1181,2,1,1,0,4,8
1182,1,1,3,0,5,10
1183,1,1,3,0,5,10
1184,1,1,4,0,6,12
1185,1,1,3,0,5,10
1186,3,1,2,2,8,16
1187,3,1,3,2,9,18
1188,2,1,3,2,8,16
1189,1,1,3,0,5,10
1190,1,1,3,0,5,10
1191,1,1,3,0,5,10
1192,1,1,3,0,5,10
1193,1,1,3,0,5,10
1194,1,1,4,0,6,12
1195,1,1,4,0,6,12
1196,1,1,4,0,6,12
1197,1,1,4,0,6,12
1198,1,1,4,0,6,12
1199,1,1,4,0,6,12
1200,1,1,4,0,6,12
1201,1,1,4,0,6,12
1202,1,1,4,0,6,12
1203,1,1,4,0,6,12
1204,2,1,1,4,8,16
1205,2,1,3,0,6,12
1206,1,1,2,5,9,18
1207,1,1,3,0,5,10
1208,1,1,3,0,5,10
1209,1,1,3,5,10,20
1210,1,1,3,5,10,20
1211,1,1,3,5,10,20
1212,1,1,3,3,8,16
1213,1,1,3,3,8,16
1214,0,1,3,10,14,28
1215,0,1,3,10,14,28
1216,0,1,3,10,14,28
1217,1,1,3,10,15,30
1218,1,1,3,10,15,30
1219,0,1,3,10,14,28
1220,0,1,3,10,14,28
1221,0,1,3,10,14,28
1222,1,1,3,10,15,30
1223,0,1,3,10,14,28
1224,1,1,3,10,15,30
1225,0,1,3,10,14,28
1226,0,1,3,10,14,28
1227,0,1,1,2,4,8
1228,0,1,3,10,14,28
1229,1,1,3,10,15,30
1230,2,1,1,2,6,12
1231,1,1,3,10,15,30
1232,1,1,3,10,15,30
1233,1,1,3,0,5,10
1234,2,1,1,0,4,8
1235,2,1,3,0,6,12
1236,1,1,3,0,5,10
1237,1,1,3,0,5,10
1238,1,1,3,0,5,10
1239,1,1,3,0,5,10
1240,1,1,3,0,5,10
1241,1,1,3,0,5,10
1242,1,1,3,0,5,10
1243,2,1,3,0,6,12
1244,1,1,3,0,5,10
1245,1,1,3,0,5,10
1246,1,1,3,0,5,10
1247,2,1,4,10,17,34
1248,3,1,4,10,18,36
1249,2,1,4,0,7,14
1250,2,1,4,10,17,34
1251,2,1,1,10,14,28
1252,2,1,3,10,16,32
1253,1,1,3,0,5,10
1254,2,1,4,0,7,14
1255,2,3,4,0,9,18
1256,1,3,4,0,8,16
1257,2,3,4,0,9,18
1258,2,3,4,0,9,18
1259,1,3,3,0,7,14
1260,1,3,3,10,17,34
1261,2,3,3,10,18,36
1262,3,3,3,10,19,38
1263,1,3,3,10,17,34
1264,2,3,3,10,18,36
1265,2,3,3,2,10,20
1266,2,3,3,3,11,22
1267,2,3,3,3,11,22
1268,2,3,3,3,11,22
1269,2,3,3,4,12,24
1270,3,3,3,4,13,26
1271,2,3,3,4,12,24
1272,2,3,3,4,12,24
1273,3,3,3,4,13,26
1274,2,3,1,4,10,20
1275,2,3,1,4,10,20
1276,1,3,3,0,7,14
1277,1,3,3,0,7,14
1278,1,3,3,0,7,14
1279,1,3,3,0,7,14
1280,1,3,3,0,7,14
1281,1,3,3,0,7,14
1282,1,3,3,0,7,14
1283,1,3,3,0,7,14
1284,1,3,3,0,7,14
1285,1,3,3,10,17,34
1286,1,3,2,10,16,32
1287,1,3,1,0,5,10
1288,1,3,3,0,7,14
1289,1,3,3,0,7,14
1290,2,3,3,0,8,16
1291,2,3,3,10,18,36
1292,1,3,3,10,17,34
1293,2,3,3,10,18,36
1294,2,3,3,10,18,36
1295,1,3,3,10,17,34
1296,2,3,3,10,18,36
1297,1,3,3,10,17,34
1298,2,3,3,10,18,36
1299,0,3,3,10,16,32
1300,0,3,3,10,16,32
1301,1,3,3,10,17,34
1302,1,3,3,10,17,34
1303,2,3,1,2,8,16
1304,0,3,3,10,16,32
1305,1,3,3,10,17,34
1306,1,3,3,10,17,34
1307,0,3,3,10,16,32
1308,0,3,3,10,16,32
1309,0,3,3,10,16,32
1310,0,3,3,10,16,32
1311,1,1,3,0,5,10
1312,1,1,3,0,5,10
1313,1,1,3,0,5,10
1314,1,1,3,0,5,10
1315,1,1,3,0,5,10
1316,1,1,3,0,5,10
1317,1,1,4,0,6,12
1318,1,1,4,0,6,12
1319,1,1,4,0,6,12
1320,1,1,4,0,6,12
1321,1,1,4,0,6,12
1322,1,1,4,0,6,12
1323,1,1,4,0,6,12
1324,1,1,4,10,16,32
1325,1,1,3,10,15,30
1326,1,1,3,0,5,10
1327,1,1,3,0,5,10
1328,1,1,3,0,5,10
1329,1,1,3,10,15,30
1330,1,1,3,10,15,30
1331,1,1,3,0,5,10
1332,1,1,3,0,5,10
1333,1,1,3,0,5,10
1334,1,1,3,0,5,10
1335,1,1,3,0,5,10
1336,2,1,3,0,6,12
1337,2,1,3,0,6,12
1338,2,1,3,0,6,12
1339,2,1,1,10,14,28
1340,2,1,1,0,4,8
1341,0,1,3,5,9,18
1342,2,1,3,5,11,22
1343,1,1,3,5,10,20
1344,1,1,3,10,15,30
1345,1,1,3,3,8,16
1346,0,1,3,10,14,28
1347,1,1,3,10,15,30
1348,0,1,3,10,14,28
1349,0,1,3,10,14,28
1350,0,1,3,10,14,28
1351,0,1,3,10,14,28
1352,0,1,3,10,14,28
1353,0,1,3,10,14,28
1354,0,1,3,10,14,28
1355,1,1,3,0,5,10
1356,1,1,3,0,5,10
1357,1,1,3,0,5,10
1358,1,1,3,0,5,10
1359,1,1,3,0,5,10
1360,1,1,3,0,5,10
1361,1,1,3,0,5,10
1362,1,1,4,0,6,12
1363,1,1,4,0,6,12
1364,1,1,4,0,6,12
1365,1,1,4,0,6,12
1366,1,1,4,0,6,12
1367,1,1,4,10,16,32
1368,1,1,3,0,5,10
1369,1,1,3,0,5,10
1370,1,1,3,10,15,30
1371,1,1,3,0,5,10
1372,1,1,1,0,3,6
1373,1,1,1,0,3,6
1374,1,1,3,0,5,10
1375,1,1,3,0,5,10
1376,1,1,2,2,6,12
1377,1,1,3,0,5,10
1378,2,1,3,0,6,12
1379,2,1,3,0,6,12
1380,2,1,3,0,6,12
1381,2,1,3,0,6,12
1382,2,1,3,0,6,12
1383,2,1,3,0,6,12
1384,2,1,3,0,6,12
1385,1,1,4,0,6,12
1386,1,1,4,0,6,12
1387,1,1,4,0,6,12
1388,1,1,4,0,6,12
1389,1,1,4,0,6,12
1390,1,1,4,0,6,12
1391,1,1,4,0,6,12
1392,1,1,4,0,6,12
1393,1,1,4,0,6,12
1394,2,1,4,0,7,14
1395,2,1,4,0,7,14
1396,2,1,4,0,7,14
1397,2,1,4,0,7,14
1398,1,1,4,0,6,12
1399,2,1,4,0,7,14
1400,1,1,4,0,6,12
1401,1,3,4,0,8,16
1402,1,3,4,0,8,16
1403,2,3,3,0,8,16
1404,2,3,3,4,12,24
1405,3,3,3,10,19,38
1406,4,3,3,10,20,40
1407,3,3,3,10,19,38
1408,3,3,3,0,9,18
1409,1,3,3,0,7,14
1410,1,3,3,0,7,14
1411,1,3,3,0,7,14
1412,1,3,3,0,7,14
1413,1,3,3,6,13,26
1414,0,3,3,10,16,32
1415,0,3,3,10,16,32
1416,2,3,0,10,15,30
1417,2,3,0,0,5,10
1418,2,3,1,0,6,12
1419,1,3,1,10,15,30
1420,2,3,1,10,16,32
1421,1,3,0,0,4,8
1422,1,3,0,10,14,28
1423,2,3,2,10,17,34
1424,4,3,1,8,16,32
1425,1,3,0,5,9,18
1426,2,3,1,6,12,24
1427,0,3,1,0,4,8
1428,1,3,0,0,4,8
1429,1,3,1,0,5,10
1430,0,3,1,0,4,8
1431,1,1,3,0,5,10
1432,1,1,3,0,5,10
1433,1,1,3,0,5,10
1434,1,1,3,0,5,10
1435,1,1,3,0,5,10
1436,1,1,4,0,6,12
1437,1,1,4,0,6,12
1438,1,1,4,0,6,12
1439,1,1,4,0,6,12
1440,1,1,4,0,6,12
1441,1,1,4,0,6,12
1442,1,1,4,0,6,12
1443,1,1,3,10,15,30
1444,1,1,3,0,5,10
1445,1,1,3,0,5,10
1446,1,1,3,0,5,10
1447,1,1,1,0,3,6
1448,1,1,3,0,5,10
1449,1,1,3,0,5,10
1450,1,1,3,0,5,10
1451,1,1,1,0,3,6
1452,1,1,3,0,5,10
1453,1,1,3,0,5,10
1454,2,1,1,2,6,12
1455,2,1,2,0,5,10
1456,1,1,3,0,5,10
1457,1,1,3,0,5,10
1458,1,1,3,0,5,10
1459,1,1,3,0,5,10
1460,1,1,1,3,6,12
1461,1,1,2,6,10,20
1462,1,1,1,5,8,16
1463,2,1,1,0,4,8
1464,1,1,3,0,5,10
1465,2,1,3,0,6,12
1466,1,1,4,0,6,12
1467,1,1,4,0,6,12
1468,2,1,4,0,7,14
1469,1,1,4,0,6,12
1470,1,1,4,0,6,12
1471,2,1,4,0,7,14
1472,2,1,4,0,7,14
1473,2,1,4,0,7,14
1474,2,1,4,10,17,34
1475,2,1,4,10,17,34
1476,2,1,4,0,7,14
1477,2,1,4,0,7,14
1478,2,3,4,0,9,18
1479,2,3,4,0,9,18
1480,2,3,4,10,19,38
1481,2,3,4,10,19,38
1482,3,3,3,10,19,38
1483,3,3,3,2,11,22
1484,3,3,3,2,11,22
1485,2,3,3,10,18,36
1486,2,3,3,4,12,24
1487,2,3,3,4,12,24
1488,3,3,3,4,13,26
1489,2,3,3,4,12,24
1490,2,3,3,0,8,16
1491,1,3,3,10,17,34
1492,2,3,3,0,8,16
1493,1,3,3,0,7,14
1494,2,3,3,0,8,16
1495,1,3,3,0,7,14
1496,1,3,3,0,7,14
1497,2,3,3,0,8,16
1498,1,3,3,0,7,14
1499,1,3,3,0,7,14
1500,1,3,3,0,7,14
1501,1,3,3,0,7,14
1502,1,3,3,0,7,14
1503,2,3,1,3,9,18
1504,2,3,1,10,16,32
1505,2,3,1,0,6,12
1506,1,3,1,0,5,10
1507,1,3,3,0,7,14
1508,1,3,3,10,17,34
1509,1,3,3,10,17,34
1510,0,3,1,3,7,14
1511,0,3,2,2,7,14
1512,0,3,2,2,7,14
1513,1,3,2,2,8,16
1514,1,3,2,2,8,16
1515,1,3,2,2,8,16
1516,0,3,1,2,6,12
1517,0,3,1,2,6,12
1518,0,3,2,2,7,14
1519,0,3,2,2,7,14
1520,0,3,2,2,7,14
1521,0,3,1,2,6,12
1522,0,3,1,2,6,12
1523,1,3,1,2,7,14
1524,0,3,1,2,6,12
1525,0,3,1,2,6,12
1526,1,3,1,2,7,14
1527,1,3,1,2,7,14
1528,1,3,1,2,7,14
1529,1,1,3,0,5,10
1530,1,1,3,0,5,10
1531,1,1,3,0,5,10
1532,1,1,3,0,5,10
1533,1,1,3,0,5,10
1534,1,1,3,0,5,10
1535,1,1,3,0,5,10
1536,1,1,3,0,5,10
1537,1,1,4,0,6,12
1538,1,1,4,0,6,12
1539,1,1,4,0,6,12
1540,1,1,4,0,6,12
1541,1,1,4,0,6,12
1542,1,1,4,0,6,12
1543,1,1,4,0,6,12
1544,1,1,3,0,5,10
1545,1,1,3,0,5,10
1546,1,1,3,0,5,10
1547,1,1,3,0,5,10
1548,1,1,3,0,5,10
1549,1,1,3,0,5,10
1550,0,1,3,10,14,28
1551,0,1,3,10,14,28
1552,0,1,3,10,14,28
1553,0,1,3,10,14,28
1554,1,1,3,0,5,10
1555,1,1,3,0,5,10
1556,1,1,3,0,5,10
1557,1,1,3,0,5,10
1558,1,1,3,0,5,10
1559,1,1,3,0,5,10
1560,1,1,3,0,5,10
1561,1,1,3,0,5,10
1562,1,1,3,0,5,10
1563,1,1,3,0,5,10
1564,1,1,3,0,5,10
1565,1,1,3,0,5,10
1566,1,1,3,0,5,10
1567,1,1,3,0,5,10
1568,1,1,4,0,6,12
1569,1,1,4,0,6,12
1570,1,1,4,0,6,12
1571,1,1,4,0,6,12
1572,1,1,3,0,5,10
1573,1,1,3,0,5,10
1574,1,1,1,0,3,6
1575,1,1,1,0,3,6
1576,1,1,3,2,7,14
1577,2,1,1,0,4,8
1578,2,1,1,2,6,12
1579,2,1,1,5,9,18
1580,2,1,1,0,4,8
1581,2,1,1,10,14,28
1582,2,1,1,10,14,28
1583,2,1,1,0,4,8
1584,2,1,1,10,14,28
1585,2,1,1,10,14,28
1586,1,1,1,5,8,16
1587,1,1,1,5,8,16
1588,2,1,1,5,9,18
1589,1,1,1,10,13,26
1590,2,1,1,10,14,28
1591,2,3,1,5,11,22
1592,3,3,2,6,14,28
1593,3,3,2,1,9,18
1594,1,3,2,4,10,20
1595,2,3,2,0,7,14
1596,3,3,1,1,8,16
1597,1,3,2,2,8,16
1598,1,3,2,2,8,16
1599,1,3,3,0,7,14
1600,1,3,4,10,18,36
1601,1,3,1,10,15,30
1602,2,3,3,0,8,16
1603,2,3,3,10,18,36
1604,2,3,3,0,8,16
1605,2,3,3,10,18,36
1606,1,3,3,0,7,14
1607,1,3,0,0,4,8
1608,1,3,3,0,7,14
1609,1,3,3,0,7,14
1610,1,3,3,0,7,14
1611,1,3,3,0,7,14
1612,1,3,3,0,7,14
1613,1,3,3,0,7,14
1614,1,3,3,0,7,14
1615,1,3,3,0,7,14
1616,1,3,3,0,7,14
1617,2,3,0,0,5,10
1618,2,3,0,0,5,10
1619,2,3,0,10,15,30
1620,2,3,0,10,15,30
1621,2,3,0,10,15,30
1622,3,3,3,0,9,18
1623,2,3,0,0,5,10
1624,2,3,0,0,5,10
1625,3,3,0,5,11,22
1626,0,3,1,3,7,14
1627,1,3,2,5,11,22
1628,1,3,1,5,10,20
1629,1,1,3,0,5,10
1630,1,1,3,0,5,10
1631,1,1,3,0,5,10
1632,1,1,3,0,5,10
1633,1,1,3,0,5,10
1634,1,1,3,0,5,10
1635,1,1,3,0,5,10
1636,1,1,3,0,5,10
1637,1,1,4,0,6,12
1638,1,1,4,0,6,12
1639,1,1,4,0,6,12
1640,1,1,4,0,6,12
1641,1,1,4,0,6,12
1642,1,1,4,10,16,32
1643,1,1,4,10,16,32
1644,1,1,3,0,5,10
1645,1,1,3,0,5,10
1646,1,1,3,0,5,10
1647,1,1,3,0,5,10
1648,1,1,3,0,5,10
1649,1,1,3,0,5,10
1650,1,1,3,0,5,10
1651,1,1,3,0,5,10
1652,1,1,3,0,5,10
1653,1,1,3,10,15,30
1654,1,1,3,0,5,10
1655,3,1,1,3,8,16
1656,2,1,3,0,6,12
1657,2,1,3,0,6,12
1658,1,1,1,0,3,6
1659,1,1,3,0,5,10
1660,1,1,3,0,5,10
1661,1,1,3,0,5,10
1662,1,1,3,0,5,10
1663,0,1,3,10,14,28
1664,0,1,3,10,14,28
1665,0,1,3,10,14,28
1666,1,1,3,0,5,10
1667,1,1,3,0,5,10
1668,1,1,3,0,5,10
1669,1,1,3,0,5,10
1670,1,1,3,0,5,10
1671,1,1,3,0,5,10
1672,1,1,3,0,5,10
1673,1,1,3,0,5,10
1674,1,1,4,0,6,12
1675,1,1,4,0,6,12
1676,1,1,4,0,6,12
1677,1,1,4,0,6,12
1678,1,1,4,0,6,12
1679,1,1,4,0,6,12
1680,1,1,3,10,15,30
1681,1,1,3,10,15,30
1682,1,1,3,0,5,10
1683,1,1,3,0,5,10
1684,1,1,3,10,15,30
1685,1,1,3,0,5,10
1686,2,1,3,0,6,12
1687,0,1,3,0,4,8
1688,1,1,3,0,5,10
1689,1,1,3,0,5,10
1690,1,1,3,0,5,10
1691,1,1,3,0,5,10
1692,2,1,3,0,6,12
1693,2,1,3,0,6,12
1694,2,1,1,10,14,28
1695,2,1,3,0,6,12
1696,1,1,3,0,5,10
1697,1,1,3,0,5,10
1698,1,1,3,5,10,20
1699,2,1,3,0,6,12
1700,2,1,3,0,6,12
1701,2,1,3,0,6,12
1702,1,1,3,0,5,10
1703,1,1,3,0,5,10
1704,2,1,0,0,3,6
1705,1,1,3,0,5,10
1706,2,1,1,5,9,18
1707,1,1,3,0,5,10
1708,1,1,3,0,5,10
1709,1,1,3,0,5,10
1710,1,1,3,0,5,10
1711,1,1,3,0,5,10
1712,2,1,2,10,15,30
1713,2,1,3,10,16,32
1714,2,1,1,5,9,18
1715,2,1,3,0,6,12
1716,2,1,3,0,6,12
1717,1,1,3,0,5,10
1718,1,1,3,0,5,10
1719,1,1,4,0,6,12
1720,1,1,4,0,6,12
1721,1,1,4,0,6,12
1722,1,1,4,0,6,12
1723,1,1,4,0,6,12
1724,1,1,4,0,6,12
1725,2,1,4,0,7,14
1726,2,1,4,0,7,14
1727,1,1,4,0,6,12
1728,2,1,4,0,7,14
1729,2,1,4,10,17,34
1730,2,1,4,0,7,14
1731,2,3,4,0,9,18
1732,2,3,4,0,9,18
1733,2,3,4,10,19,38
1734,2,3,3,0,8,16
1735,1,3,3,0,7,14
1736,2,3,3,4,12,24
1737,1,3,3,10,17,34
1738,2,3,3,4,12,24
1739,1,3,3,0,7,14
1740,1,3,3,0,7,14
1741,1,3,3,0,7,14
1742,1,3,3,0,7,14
1743,1,3,3,0,7,14
1744,1,3,4,10,18,36
1745,1,3,3,0,7,14
1746,1,3,3,0,7,14
1747,1,3,3,0,7,14
1748,2,3,3,0,8,16
1749,1,3,0,0,4,8
1750,1,3,1,4,9,18
1751,1,3,1,4,9,18
1752,1,3,1,4,9,18
1753,0,3,3,10,16,32
1754,0,3,1,2,6,12
1755,1,3,2,2,8,16
1756,1,3,2,10,16,32
1757,3,3,2,10,18,36
1758,1,3,1,2,7,14
1759,1,3,1,7,12,24
1760,1,3,1,2,7,14
1761,0,3,1,2,6,12
1762,0,3,2,2,7,14
1763,1,3,2,2,8,16
1764,2,3,2,2,9,18
1765,3,3,1,2,9,18
1766,1,3,1,2,7,14
1767,1,3,1,6,11,22
1768,2,3,1,5,11,22
1769,1,3,1,5,10,20
1770,1,3,1,5,10,20
1771,1,3,1,10,15,30
1772,1,3,1,5,10,20
1773,1,3,3,10,17,34
1774,1,3,3,10,17,34
1775,1,3,3,10,17,34
1776,1,3,3,2,9,18
1777,1,3,2,2,8,16
1778,0,3,3,10,16,32
1779,1,1,3,0,5,10
1780,1,1,3,0,5,10
1781,1,1,3,0,5,10
1782,1,1,3,0,5,10
1783,1,1,3,0,5,10
1784,1,1,4,0,6,12
1785,1,1,4,0,6,12
1786,1,1,4,0,6,12
1787,1,1,4,0,6,12
1788,1,1,4,0,6,12
1789,1,1,4,0,6,12
1790,1,1,4,0,6,12
1791,1,1,3,0,5,10
1792,1,1,3,0,5,10
1793,2,1,3,0,6,12
1794,2,1,3,0,6,12
1795,2,1,3,0,6,12
1796,2,1,1,5,9,18
1797,2,1,3,0,6,12
1798,1,1,1,0,3,6
1799,1,1,1,5,8,16
1800,1,1,1,0,3,6
1801,0,1,1,2,4,8
1802,0,1,1,0,2,4
1803,3,1,3,0,7,14
1804,3,1,3,0,7,14
1805,2,1,3,0,6,12
1806,2,1,3,0,6,12
1807,2,1,0,10,13,26
1808,2,1,2,10,15,30
1809,3,1,2,5,11,22
1810,2,1,2,5,10,20
1811,2,1,2,4,9,18
1812,1,1,2,10,14,28
1813,0,1,3,10,14,28
1814,0,1,3,10,14,28
1815,0,1,1,2,4,8
1816,0,1,1,5,7,14
1817,0,1,1,5,7,14
1818,0,1,3,10,14,28
1819,0,1,3,10,14,28
1820,0,1,3,10,14,28
1821,0,1,3,10,14,28
1822,0,1,3,10,14,28
1823,1,3,3,0,7,14
1824,1,3,3,0,7,14
1825,1,3,3,0,7,14
1826,1,3,3,0,7,14
1827,1,3,3,0,7,14
1828,1,3,3,0,7,14
1829,1,3,3,0,7,14
1830,1,3,3,0,7,14
1831,1,3,4,0,8,16
1832,1,3,4,0,8,16
1833,1,3,4,0,8,16
1834,1,3,4,0,8,16
1835,1,3,4,0,8,16
1836,1,3,4,0,8,16
1837,1,3,4,0,8,16
1838,1,3,4,0,8,16
1839,1,3,4,0,8,16
1840,1,3,4,0,8,16
1841,1,3,4,0,8,16
1842,1,3,4,0,8,16
1843,1,3,4,0,8,16
1844,1,3,4,0,8,16
1845,1,3,4,0,8,16
1846,1,4,4,0,9,18
1847,1,4,4,0,9,18
1848,1,4,4,0,9,18
1849,3,4,4,0,11,22
1850,3,4,4,0,11,22
1851,3,4,4,0,11,22
1852,2,4,4,0,10,20
1853,3,4,3,0,10,20
1854,1,4,3,0,8,16
1855,1,5,3,0,9,18
1856,1,5,3,0,9,18
1857,1,5,3,0,9,18
1858,1,5,3,0,9,18
1859,1,5,3,0,9,18
1860,1,5,3,0,9,18
1861,1,5,3,0,9,18
1862,1,5,3,0,9,18
1863,1,3,4,0,8,16
1864,1,3,4,0,8,16
1865,1,3,4,0,8,16
1866,1,3,4,0,8,16
1867,1,3,4,0,8,16
1868,1,3,4,0,8,16
1869,1,3,4,0,8,16
1870,2,3,4,4,13,26
1871,1,3,4,0,8,16
1872,2,3,4,0,9,18
1873,1,3,4,0,8,16
1874,1,3,4,0,8,16
1875,2,3,4,0,9,18
1876,1,3,4,0,8,16
1877,1,3,4,0,8,16
1878,1,3,1,0,5,10
1879,1,3,3,0,7,14
1880,2,3,3,0,8,16
1881,3,3,3,10,19,38
1882,2,3,3,0,8,16
1883,2,3,3,10,18,36
1884,2,3,3,0,8,16
1885,1,3,3,0,7,14
1886,1,3,3,0,7,14
1887,1,3,2,0,6,12
1888,1,3,1,0,5,10
1889,1,3,1,0,5,10
1890,1,3,3,0,7,14
1891,1,3,3,0,7,14
1892,1,3,3,0,7,14
1893,1,3,3,0,7,14
1894,1,3,3,0,7,14
1895,1,3,3,0,7,14
1896,1,3,3,0,7,14
1897,1,3,3,0,7,14
1898,1,3,3,0,7,14
1899,1,3,3,0,7,14
1900,1,3,3,0,7,14
1901,1,3,4,0,8,16
1902,1,3,4,0,8,16
1903,1,3,4,0,8,16
1904,1,3,4,0,8,16
1905,1,3,4,0,8,16
1906,1,3,4,0,8,16
1907,1,3,4,0,8,16
1908,1,3,4,0,8,16
1909,1,3,4,0,8,16
1910,1,3,4,0,8,16
1911,1,3,4,0,8,16
1912,1,3,4,0,8,16
1913,1,3,4,0,8,16
1914,1,3,4,0,8,16
1915,2,3,4,0,9,18
1916,2,3,1,0,6,12
1917,2,3,1,0,6,12
1918,3,3,1,0,7,14
1919,2,3,1,10,16,32
1920,3,3,1,10,17,34
1921,2,3,1,0,6,12
1922,3,3,0,0,6,12
1923,3,3,0,0,6,12
1924,2,3,0,10,15,30
1925,2,3,1,10,16,32
1926,2,3,0,0,5,10
1927,2,3,0,0,5,10
1928,2,3,0,10,15,30
1929,1,3,1,0,5,10
1930,1,3,1,0,5,10
1931,1,3,1,0,5,10
1932,1,3,1,10,15,30
1933,1,3,4,10,18,36
1934,1,3,4,10,18,36
1935,1,3,7,10,21,42
1936,1,3,10,10,24,48
1937,1,3,10,10,24,48
1938,1,3,7,10,21,42
1939,2,3,7,10,22,44
1940,2,3,4,4,13,26
1941,1,3,4,10,18,36
1942,1,3,3,0,7,14
1943,1,3,3,0,7,14
1944,1,3,3,0,7,14
1945,1,3,3,0,7,14
1946,1,3,3,0,7,14
1947,1,3,3,0,7,14
1948,1,3,3,0,7,14
1949,1,3,3,0,7,14
1950,1,3,2,2,8,16
1951,1,3,3,0,7,14
1952,1,3,3,0,7,14
1953,1,3,3,0,7,14
1954,1,3,3,0,7,14
1955,1,3,3,0,7,14
1956,1,3,3,0,7,14
1957,1,3,3,0,7,14
1958,1,3,3,0,7,14
1959,1,3,4,0,8,16
1960,1,3,4,0,8,16
1961,1,3,4,0,8,16
1962,1,3,4,0,8,16
1963,1,3,4,0,8,16
1964,1,3,4,0,8,16
1965,1,3,4,0,8,16
1966,1,3,4,0,8,16
1967,1,3,4,0,8,16
1968,1,3,4,0,8,16
1969,1,3,4,0,8,16
1970,1,3,4,0,8,16
1971,1,3,4,0,8,16
1972,1,3,4,0,8,16
1973,1,3,4,0,8,16
1974,1,3,4,0,8,16
1975,1,3,4,0,8,16
1976,1,3,4,0,8,16
1977,2,3,4,0,9,18
1978,3,3,4,0,10,20
1979,3,3,4,0,10,20
1980,3,3,4,0,10,20
1981,2,3,3,0,8,16
1982,3,3,3,0,9,18
1983,2,3,3,0,8,16
1984,3,3,3,5,14,28
1985,3,3,3,4,13,26
1986,2,3,2,0,7,14
1987,2,3,0,0,5,10
1988,2,3,0,0,5,10
1989,2,3,0,10,15,30
1990,2,3,3,0,8,16
1991,1,3,3,0,7,14
1992,1,3,3,0,7,14
1993,1,3,3,0,7,14
1994,1,3,3,0,7,14
1995,1,3,3,0,7,14
1996,1,3,3,0,7,14
1997,1,3,3,0,7,14
1998,1,3,4,0,8,16
1999,1,3,4,0,8,16
2000,1,3,4,0,8,16
2001,1,3,4,0,8,16
2002,1,3,4,0,8,16
2003,1,3,4,0,8,16
2004,1,3,4,10,18,36
2005,1,3,4,10,18,36
2006,1,3,4,10,18,36
2007,1,3,4,0,8,16
2008,1,3,4,0,8,16
2009,2,3,4,10,19,38
2010,1,3,4,10,18,36
2011,1,3,4,10,18,36
2012,1,3,3,10,17,34
2013,1,3,3,0,7,14
2014,1,3,3,0,7,14
2015,3,3,3,0,9,18
2016,2,3,3,0,8,16
2017,3,3,3,10,19,38
2018,3,3,3,10,19,38
2019,2,3,3,0,8,16
2020,2,3,0,10,15,30
2021,2,3,0,10,15,30
2022,2,3,0,0,5,10
2023,2,3,0,4,9,18
2024,2,3,1,5,11,22
2025,2,3,2,10,17,34
2026,2,3,0,0,5,10
2027,2,3,3,0,8,16
2028,2,3,3,0,8,16
2029,2,3,3,0,8,16
2030,2,3,3,0,8,16
2031,2,3,3,0,8,16
2032,2,3,1,0,6,12
2033,1,3,1,3,8,16
2034,3,3,0,5,11,22
2035,2,3,0,5,10,20
2036,3,3,0,0,6,12
2037,3,3,0,4,10,20
2038,5,3,0,4,12,24
2039,3,3,0,4,10,20
2040,5,3,1,4,13,26
2041,2,3,0,5,10,20
2042,1,3,3,0,7,14
2043,1,3,3,0,7,14
2044,1,3,3,0,7,14
2045,2,3,3,0,8,16
2046,1,3,3,0,7,14
2047,1,3,3,0,7,14
2048,1,3,3,0,7,14
2049,1,3,4,0,8,16
2050,1,3,4,0,8,16
2051,1,3,4,0,8,16
2052,1,3,4,0,8,16
2053,1,3,4,0,8,16
2054,1,3,4,0,8,16
2055,1,3,4,0,8,16
2056,1,3,4,0,8,16
2057,1,3,4,0,8,16
2058,1,3,4,0,8,16
2059,1,3,4,0,8,16
2060,1,3,4,0,8,16
2061,1,3,4,0,8,16
2062,1,3,4,0,8,16
2063,1,3,4,0,8,16
2064,1,3,4,0,8,16
2065,1,3,4,0,8,16
2066,2,3,4,0,9,18
2067,3,3,4,0,10,20
2068,2,3,4,0,9,18
2069,2,3,4,0,9,18
2070,3,3,4,0,10,20
2071,2,3,3,0,8,16
2072,3,3,0,10,16,32
2073,3,3,0,10,16,32
2074,2,3,0,10,15,30
2075,2,3,3,0,8,16
2076,2,3,3,0,8,16
2077,2,3,3,0,8,16
2078,2,3,3,0,8,16
2079,2,3,3,0,8,16
2080,1,3,3,0,7,14
2081,1,3,3,0,7,14
2082,1,3,3,0,7,14
2083,1,3,3,0,7,14
2084,1,3,3,0,7,14
2085,1,3,3,0,7,14
2086,1,3,4,0,8,16
2087,1,3,4,0,8,16
2088,1,3,4,0,8,16
2089,1,3,4,0,8,16
2090,1,3,4,0,8,16
2091,1,3,4,0,8,16
2092,1,3,4,0,8,16
2093,1,3,4,0,8,16
2094,1,3,4,0,8,16
2095,1,3,4,0,8,16
2096,1,3,4,0,8,16
2097,1,3,4,0,8,16
2098,1,3,4,10,18,36
2099,1,3,4,0,8,16
2100,1,3,4,0,8,16
2101,1,3,4,0,8,16
2102,1,3,3,0,7,14
2103,1,3,4,0,8,16
2104,2,3,3,0,8,16
2105,2,3,3,0,8,16
2106,1,3,3,0,7,14
2107,1,3,3,0,7,14
2108,1,3,3,0,7,14
2109,1,3,3,0,7,14
2110,1,3,3,0,7,14
2111,1,3,4,0,8,16
2112,1,3,4,0,8,16
2113,1,3,4,0,8,16
2114,1,3,4,0,8,16
2115,1,3,4,0,8,16
2116,1,3,4,0,8,16
2117,1,3,4,0,8,16
2118,1,3,4,0,8,16
2119,1,3,4,0,8,16
2120,1,3,4,0,8,16
2121,1,3,4,0,8,16
2122,1,3,4,0,8,16
2123,1,3,4,0,8,16
2124,1,3,4,0,8,16
2125,1,3,4,0,8,16
2126,2,3,1,4,10,20
2127,1,3,4,0,8,16
2128,2,3,4,0,9,18
2129,2,3,4,0,9,18
2130,3,3,4,0,10,20
2131,3,3,4,0,10,20
2132,3,3,3,0,9,18
2133,3,3,3,0,9,18
2134,3,3,3,0,9,18
2135,2,3,0,10,15,30
2136,2,3,0,10,15,30
2137,2,3,2,5,12,24
2138,2,3,0,0,5,10
2139,2,3,3,0,8,16
2140,2,3,3,0,8,16
2141,2,3,3,0,8,16
2142,1,3,3,0,7,14
2143,1,3,3,0,7,14
2144,1,3,3,0,7,14
2145,1,3,3,0,7,14
2146,1,3,3,0,7,14
2147,1,3,3,0,7,14
2148,1,3,4,0,8,16
2149,1,3,4,0,8,16
2150,1,3,4,0,8,16
2151,1,3,4,0,8,16
2152,1,3,4,0,8,16
2153,1,3,4,0,8,16
2154,1,3,4,0,8,16
2155,1,3,4,10,18,36
2156,1,3,4,10,18,36
2157,1,3,4,0,8,16
2158,1,3,4,0,8,16
2159,1,3,4,0,8,16
2160,1,3,4,0,8,16
2161,1,3,4,0,8,16
2162,1,3,4,0,8,16
2163,1,3,4,0,8,16
2164,1,3,4,0,8,16
2165,1,3,3,0,7,14
2166,1,3,3,0,7,14
2167,3,3,3,10,19,38
2168,3,3,3,0,9,18
2169,2,3,3,0,8,16
2170,1,3,3,10,17,34
2171,1,3,3,0,7,14
2172,1,3,3,0,7,14
2173,1,3,3,0,7,14
2174,1,3,3,0,7,14
2175,1,3,3,0,7,14
2176,1,3,3,0,7,14
2177,1,3,3,0,7,14
2178,1,3,3,0,7,14
2179,1,3,3,0,7,14
2180,1,3,3,0,7,14
2181,1,3,4,0,8,16
2182,1,3,4,0,8,16
2183,1,3,4,0,8,16
2184,1,3,4,0,8,16
2185,1,3,4,0,8,16
2186,1,3,4,0,8,16
2187,1,3,4,0,8,16
2188,1,3,4,0,8,16
2189,1,3,4,0,8,16
2190,1,3,4,0,8,16
2191,1,3,4,0,8,16
2192,1,3,4,0,8,16
2193,1,3,4,0,8,16
2194,1,3,4,0,8,16
2195,1,3,4,0,8,16
2196,2,3,4,0,9,18
2197,2,3,4,0,9,18
2198,2,3,4,0,9,18
2199,3,3,4,0,10,20
2200,3,3,4,0,10,20
2201,3,3,4,0,10,20
2202,3,3,3,0,9,18
2203,3,3,3,10,19,38
2204,2,3,3,10,18,36
2205,1,3,3,0,7,14
2206,1,3,3,0,7,14
2207,1,3,3,0,7,14
2208,1,3,3,0,7,14
2209,1,3,3,0,7,14
2210,1,3,3,0,7,14
2211,1,3,3,0,7,14
2212,1,3,3,0,7,14
2213,1,3,3,0,7,14
2214,1,3,3,0,7,14
2215,1,3,3,0,7,14
2216,1,3,3,0,7,14
2217,1,3,3,0,7,14
2218,1,3,3,0,7,14
2219,1,3,1,0,5,10
2220,1,3,1,5,10,20
2221,1,3,1,0,5,10
2222,1,3,3,0,7,14
2223,1,3,3,0,7,14
2224,1,3,3,0,7,14
2225,1,3,3,0,7,14
2226,1,3,3,0,7,14
2227,1,3,3,0,7,14
2228,1,3,3,0,7,14
2229,1,3,3,0,7,14
2230,1,3,3,0,7,14
2231,1,3,3,0,7,14
2232,1,3,3,0,7,14
2233,1,3,3,0,7,14
2234,1,3,3,0,7,14
2235,1,3,3,0,7,14
2236,1,3,3,0,7,14
2237,1,1,3,0,5,10
2238,1,1,3,0,5,10
2239,1,1,3,0,5,10
2240,1,1,3,0,5,10
2241,1,1,3,0,5,10
2242,1,1,3,0,5,10
2243,1,1,4,0,6,12
2244,1,1,4,0,6,12
2245,1,3,4,0,8,16
2246,1,3,4,0,8,16
2247,1,3,4,0,8,16
2248,1,3,3,0,7,14
2249,1,3,3,0,7,14
2250,1,3,3,0,7,14
2251,1,3,3,0,7,14
2252,2,3,5,10,20,40
2253,2,3,7,10,22,44
2254,2,3,3,0,8,16
2255,2,3,3,0,8,16
2256,3,3,3,0,9,18
2257,1,3,3,0,7,14
2258,1,3,0,0,4,8
2259,2,3,0,0,5,10
2260,2,3,1,0,6,12
2261,2,3,1,0,6,12
2262,3,3,1,0,7,14
2263,3,3,1,0,7,14
2264,4,3,1,0,8,16
2265,2,3,1,2,8,16
2266,1,3,1,0,5,10
2267,1,3,1,0,5,10
2268,1,3,1,0,5,10
2269,1,3,1,0,5,10
2270,1,3,1,0,5,10
2271,1,3,1,0,5,10
2272,1,3,1,0,5,10
2273,1,3,1,0,5,10
2274,1,3,1,0,5,10
2275,1,3,1,0,5,10
2276,1,3,3,0,7,14
2277,1,3,3,0,7,14
2278,1,3,3,0,7,14
2279,1,3,3,0,7,14
2280,1,3,3,0,7,14
2281,1,3,4,0,8,16
2282,1,3,4,0,8,16
2283,1,3,4,0,8,16
2284,1,3,4,0,8,16
2285,1,3,4,0,8,16
2286,1,3,4,0,8,16
2287,1,3,4,0,8,16
2288,1,3,4,0,8,16
2289,1,3,4,0,8,16
2290,1,3,4,0,8,16
2291,1,3,4,0,8,16
2292,1,3,4,0,8,16
2293,1,3,4,0,8,16
2294,1,3,4,0,8,16
2295,1,3,4,0,8,16
2296,1,3,4,0,8,16
2297,1,3,4,0,8,16
2298,1,3,4,0,8,16
2299,1,3,4,0,8,16
2300,1,3,4,0,8,16
2301,2,3,4,0,9,18
2302,2,3,4,0,9,18
2303,3,3,4,0,10,20
2304,2,3,4,0,9,18
2305,3,3,3,0,9,18
2306,3,3,3,0,9,18
2307,3,3,3,0,9,18
2308,2,3,3,0,8,16
2309,3,3,0,0,6,12
2310,2,3,0,0,5,10
2311,2,3,3,0,8,16
2312,2,3,3,0,8,16
2313,1,3,3,0,7,14
2314,1,3,3,0,7,14
2315,1,3,3,0,7,14
2316,1,3,3,0,7,14
2317,1,3,3,0,7,14
2318,1,3,3,0,7,14
2319,1,3,4,0,8,16
2320,1,3,4,0,8,16
2321,1,3,4,0,8,16
2322,1,3,4,0,8,16
2323,1,3,4,0,8,16
2324,1,3,4,0,8,16
2325,1,3,4,0,8,16
2326,1,3,4,10,18,36
2327,2,3,4,10,19,38
2328,2,3,4,10,19,38
2329,1,3,4,0,8,16
2330,1,3,3,0,7,14
2331,3,3,3,0,9,18
2332,2,3,3,0,8,16
2333,2,3,3,0,8,16
2334,2,3,3,0,8,16
2335,2,3,3,0,8,16
2336,2,3,3,0,8,16
2337,2,3,3,0,8,16
2338,2,3,1,5,11,22
2339,2,3,1,0,6,12
2340,1,1,3,0,5,10
2341,1,1,3,0,5,10
2342,1,1,3,0,5,10
2343,1,1,3,0,5,10
2344,1,1,3,0,5,10
2345,1,1,3,0,5,10
2346,1,1,4,0,6,12
2347,1,1,4,0,6,12
2348,1,3,4,0,8,16
2349,1,3,4,0,8,16
2350,1,3,4,0,8,16
2351,1,3,4,0,8,16
2352,1,3,4,0,8,16
2353,1,3,4,0,8,16
2354,1,3,4,0,8,16
2355,1,3,4,0,8,16
2356,1,3,4,0,8,16
2357,1,3,4,0,8,16
2358,1,3,4,0,8,16
2359,1,3,4,0,8,16
2360,1,3,4,0,8,16
2361,1,3,4,0,8,16
2362,1,3,4,0,8,16
2363,1,3,4,0,8,16
2364,1,3,4,0,8,16
2365,1,3,4,0,8,16
2366,3,3,4,0,10,20
2367,3,3,4,0,10,20
2368,3,3,4,0,10,20
2369,3,3,4,0,10,20
2370,3,3,3,0,9,18
2371,2,3,3,0,8,16
2372,2,3,3,0,8,16
2373,2,3,3,0,8,16
2374,1,3,4,0,8,16
2375,1,3,4,0,8,16
2376,1,3,4,0,8,16
2377,1,3,4,0,8,16
2378,1,3,4,0,8,16
2379,1,3,4,0,8,16
2380,1,3,4,0,8,16
2381,1,3,4,0,8,16
2382,1,3,4,0,8,16
2383,1,3,4,10,18,36
2384,1,3,4,10,18,36
2385,1,3,4,0,8,16
2386,2,3,4,0,9,18
2387,1,3,4,0,8,16
2388,1,3,4,10,18,36
2389,1,3,4,10,18,36
2390,1,3,4,10,18,36
2391,1,3,4,0,8,16
2392,1,3,4,10,18,36
2393,1,3,4,0,8,16
2394,1,3,4,0,8,16
2395,1,3,3,0,7,14
2396,2,3,3,10,18,36
2397,1,3,3,10,17,34
2398,1,3,3,0,7,14
2399,1,3,3,0,7,14
2400,1,3,3,0,7,14
2401,1,3,3,0,7,14
2402,1,3,3,0,7,14
2403,1,3,3,0,7,14
2404,1,3,2,0,6,12
2405,1,3,1,5,10,20
2406,1,3,1,5,10,20
2407,1,3,1,0,5,10
2408,1,1,3,0,5,10
2409,1,1,3,0,5,10
2410,1,1,3,0,5,10
2411,1,1,3,0,5,10
2412,1,1,3,0,5,10
2413,1,1,3,0,5,10
2414,1,1,3,0,5,10
2415,1,1,3,0,5,10
2416,1,1,4,0,6,12
2417,1,1,4,0,6,12
2418,1,1,4,0,6,12
2419,1,1,1,0,3,6
2420,1,1,4,0,6,12
2421,1,1,4,0,6,12
2422,1,1,3,0,5,10
2423,1,1,3,10,15,30
2424,1,1,3,4,9,18
2425,1,1,3,0,5,10
2426,1,1,2,0,4,8
2427,1,1,2,6,10,20
2428,1,1,2,5,9,18
2429,0,1,1,5,7,14
2430,0,1,1,2,4,8
2431,0,1,3,0,4,8
2432,2,1,3,0,6,12
2433,2,1,0,10,13,26
2434,2,1,1,0,4,8
2435,2,1,3,0,6,12
2436,2,1,3,0,6,12
2437,2,1,3,10,16,32
2438,2,1,1,0,4,8
2439,3,1,1,5,10,20
2440,2,1,3,0,6,12
2441,2,3,0,0,5,10
2442,2,3,0,0,5,10
2443,1,3,0,10,14,28
2444,1,3,0,10,14,28
2445,1,3,0,0,4,8
2446,2,3,0,10,15,30
2447,2,3,1,10,16,32
2448,2,3,0,6,11,22
2449,3,3,1,0,7,14
2450,3,3,1,5,12,24
2451,3,3,1,6,13,26
2452,3,3,1,2,9,18
2453,1,3,3,0,7,14
2454,1,3,3,0,7,14
2455,1,3,3,0,7,14
2456,1,3,3,0,7,14
2457,1,3,3,0,7,14
2458,1,3,3,0,7,14
2459,1,3,3,0,7,14
2460,1,3,4,0,8,16
2461,1,3,4,0,8,16
2462,1,3,4,0,8,16
2463,1,3,4,0,8,16
2464,1,3,4,0,8,16
2465,1,3,4,0,8,16
2466,1,3,4,0,8,16
2467,1,3,4,0,8,16
2468,1,3,4,0,8,16
2469,1,3,4,0,8,16
2470,1,3,4,0,8,16
2471,1,3,4,0,8,16
2472,1,3,4,0,8,16
2473,1,3,4,0,8,16
2474,3,3,4,0,10,20
2475,2,3,4,0,9,18
2476,2,3,4,0,9,18
2477,3,3,4,0,10,20
2478,3,3,3,0,9,18
2479,3,3,3,0,9,18
2480,3,3,3,10,19,38
2481,3,3,0,10,16,32
2482,2,3,3,10,18,36
2483,2,3,3,0,8,16
2484,2,3,0,10,15,30
2485,2,3,3,0,8,16
2486,2,3,3,0,8,16
2487,2,3,3,0,8,16
2488,1,3,3,0,7,14
2489,1,3,3,0,7,14
2490,1,3,3,0,7,14
2491,1,3,3,0,7,14
2492,1,3,3,0,7,14
2493,1,3,3,0,7,14
2494,1,3,3,0,7,14
2495,1,3,4,0,8,16
2496,1,3,4,0,8,16
2497,1,3,4,0,8,16
2498,1,3,4,0,8,16
2499,1,3,4,0,8,16
2500,1,3,4,0,8,16
2501,1,3,4,10,18,36
2502,1,3,4,10,18,36
2503,1,3,4,10,18,36
2504,1,3,4,0,8,16
2505,2,3,3,0,8,16
2506,2,3,3,0,8,16
2507,2,3,2,0,7,14
2508,2,3,2,5,12,24
2509,1,3,2,5,11,22
2510,2,3,1,5,11,22
2511,2,3,1,5,11,22
2512,2,3,1,5,11,22
2513,2,3,1,0,6,12
2514,1,3,1,3,8,16
2515,2,3,1,0,6,12
2516,2,3,1,5,11,22
2517,2,3,1,2,8,16
2518,2,3,1,5,11,22
2519,2,3,1,4,10,20
2520,2,3,1,5,11,22
2521,2,3,1,4,10,20
2522,4,3,1,4,12,24
2523,1,3,1,5,10,20
2524,2,3,1,5,11,22
2525,1,3,1,2,7,14
2526,2,3,1,0,6,12
2527,2,3,1,0,6,12
2528,2,3,1,3,9,18
2529,2,3,1,5,11,22
2530,2,3,1,5,11,22
2531,2,3,1,5,11,22
2532,2,3,1,6,12,24
2533,2,3,2,0,7,14
2534,2,3,1,0,6,12
2535,2,3,1,3,9,18
2536,2,3,1,2,8,16
2537,2,3,1,5,11,22
2538,4,3,1,5,13,26
2539,4,3,1,4,12,24
2540,2,3,1,2,8,16
2541,2,3,1,5,11,22
2542,2,3,1,0,6,12
2543,1,3,1,0,5,10
2544,1,3,1,2,7,14
2545,1,3,1,5,10,20
2546,4,3,1,3,11,22
2547,4,3,1,0,8,16
2548,2,3,1,2,8,16
2549,2,3,1,2,8,16
2550,2,3,1,5,11,22
2551,2,3,1,0,6,12
2552,2,3,1,0,6,12
2553,2,3,1,1,7,14
2554,4,3,1,2,10,20
2555,4,3,1,0,8,16
2556,4,3,1,0,8,16
2557,4,3,1,0,8,16
2558,3,3,1,0,7,14
2559,4,3,1,0,8,16
2560,2,1,4,0,7,14
2561,3,1,4,0,8,16
2562,3,1,4,0,8,16
2563,1,1,4,0,6,12
2564,1,1,4,0,6,12
2565,2,0,3,0,5,10
2566,1,0,3,10,14,28
2567,1,3,3,0,7,14
2568,1,3,3,0,7,14
2569,1,3,3,0,7,14
2570,1,3,3,0,7,14
2571,1,3,3,0,7,14
2572,1,3,4,0,8,16
2573,1,3,4,0,8,16
2574,1,3,4,0,8,16
2575,1,3,4,0,8,16
2576,1,3,4,0,8,16
2577,1,3,4,0,8,16
2578,1,3,4,0,8,16
2579,1,3,4,0,8,16
2580,1,3,4,0,8,16
2581,1,3,4,0,8,16
2582,1,3,4,0,8,16
2583,1,3,4,0,8,16
2584,1,3,4,0,8,16
2585,1,3,4,0,8,16
2586,1,3,4,0,8,16
2587,1,3,4,0,8,16
2588,1,3,4,0,8,16
2589,1,3,4,0,8,16
2590,1,3,4,0,8,16
2591,2,3,4,0,9,18
2592,3,3,4,0,10,20
2593,3,3,4,0,10,20
2594,2,3,4,0,9,18
2595,3,3,3,0,9,18
2596,3,3,3,0,9,18
2597,2,3,3,0,8,16
2598,2,3,3,0,8,16
2599,1,3,3,0,7,14
2600,1,3,4,0,8,16
2601,1,3,4,0,8,16
2602,1,3,4,0,8,16
2603,1,3,4,0,8,16
2604,1,3,4,0,8,16
2605,1,3,4,0,8,16
2606,1,3,4,0,8,16
2607,1,3,4,0,8,16
2608,1,3,4,0,8,16
2609,0,3,3,10,16,32
2610,1,3,4,10,18,36
2611,1,3,4,10,18,36
2612,1,3,4,0,8,16
2613,2,3,2,10,17,34
2614,2,3,1,4,10,20
2615,1,3,4,0,8,16
2616,1,3,4,10,18,36
2617,1,3,4,0,8,16
2618,1,3,4,0,8,16
2619,1,3,4,0,8,16
2620,1,3,4,0,8,16
2621,1,3,3,0,7,14
2622,0,3,3,0,6,12
2623,1,3,3,0,7,14
2624,1,3,3,0,7,14
2625,1,3,3,0,7,14
2626,1,3,3,0,7,14
2627,1,3,3,0,7,14
2628,1,3,3,0,7,14
2629,1,3,3,0,7,14
2630,1,3,1,0,5,10
2631,1,3,3,0,7,14
2632,1,3,3,0,7,14
2633,1,3,3,0,7,14
2634,1,3,3,0,7,14
2635,1,3,3,0,7,14
2636,1,3,3,0,7,14
2637,1,3,3,0,7,14
2638,1,3,4,0,8,16
2639,1,3,4,0,8,16
2640,1,3,4,0,8,16
2641,1,3,4,0,8,16
2642,1,3,4,0,8,16
2643,1,3,4,0,8,16
2644,1,3,4,0,8,16
2645,1,3,4,0,8,16
2646,1,3,4,0,8,16
2647,1,3,4,0,8,16
2648,1,3,4,0,8,16
2649,1,3,4,0,8,16
2650,1,3,4,0,8,16
2651,1,3,4,0,8,16
2652,1,3,4,0,8,16
2653,2,3,4,0,9,18
2654,3,3,4,0,10,20
2655,2,3,4,0,9,18
2656,3,3,4,0,10,20
2657,3,3,4,0,10,20
2658,3,3,3,0,9,18
2659,2,3,3,0,8,16
2660,3,3,3,10,19,38
2661,3,3,3,0,9,18
2662,3,3,3,10,19,38
2663,2,3,0,0,5,10
2664,2,3,0,0,5,10
2665,2,3,3,0,8,16
2666,2,3,1,10,16,32
2667,1,3,3,0,7,14
2668,1,3,7,10,21,42
2669,1,3,7,10,21,42
2670,1,3,4,10,18,36
2671,1,3,7,10,21,42
2672,1,3,4,0,8,16
2673,1,3,4,0,8,16
2674,1,3,4,0,8,16
2675,1,3,4,0,8,16
2676,1,3,4,0,8,16
2677,2,3,4,4,13,26
2678,1,3,4,0,8,16
2679,2,3,3,2,10,20
2680,1,3,2,2,8,16
2681,1,3,2,2,8,16
2682,1,3,2,1,7,14
2683,2,3,2,1,8,16
2684,2,3,2,5,12,24
2685,2,3,1,6,12,24
2686,2,3,1,5,11,22
2687,2,3,1,5,11,22
2688,2,3,1,5,11,22
2689,1,3,1,3,8,16
2690,2,3,1,3,9,18
2691,3,3,1,5,12,24
2692,2,3,1,5,11,22
2693,1,3,1,1,6,12
2694,1,3,1,5,10,20
2695,2,3,1,1,7,14
2696,3,3,1,5,12,24
2697,3,3,1,3,10,20
2698,3,3,1,1,8,16
2699,2,3,1,5,11,22
2700,1,3,1,4,9,18
2701,2,3,1,10,16,32
2702,2,3,1,0,6,12
2703,2,3,3,10,18,36
2704,2,3,3,10,18,36
2705,3,3,3,10,19,38
2706,1,3,3,0,7,14
2707,1,3,3,0,7,14
2708,1,3,3,0,7,14
2709,1,3,3,0,7,14
2710,1,3,3,0,7,14
2711,1,3,3,0,7,14
2712,1,3,3,0,7,14
2713,1,3,3,0,7,14
2714,1,3,3,0,7,14
2715,1,3,3,0,7,14
2716,1,3,3,0,7,14
2717,1,3,3,0,7,14
2718,1,3,3,0,7,14
2719,1,3,3,0,7,14
2720,1,3,3,0,7,14
2721,1,3,3,0,7,14
2722,1,3,3,0,7,14
2723,1,3,3,0,7,14
2724,1,3,3,0,7,14
2725,1,3,3,0,7,14
2726,1,3,3,0,7,14
2727,1,3,3,0,7,14
2728,1,3,3,0,7,14
2729,1,3,2,0,6,12
2730,1,3,2,0,6,12
2731,1,3,1,5,10,20
2732,1,3,1,0,5,10
2733,1,3,1,0,5,10
2734,1,3,1,5,10,20
2735,1,3,3,0,7,14
2736,1,3,3,0,7,14
2737,1,3,3,0,7,14
2738,1,3,3,0,7,14
2739,1,3,3,0,7,14
2740,1,3,4,0,8,16
2741,1,3,4,0,8,16
2742,1,3,4,0,8,16
2743,1,3,4,0,8,16
2744,1,3,4,0,8,16
2745,1,3,4,0,8,16
2746,1,3,4,0,8,16
2747,1,3,4,0,8,16
2748,1,3,4,0,8,16
2749,1,3,4,0,8,16
2750,1,3,4,0,8,16
2751,1,3,4,0,8,16
2752,1,3,4,0,8,16
2753,1,3,4,0,8,16
2754,1,3,4,0,8,16
2755,1,3,4,0,8,16
2756,1,3,4,0,8,16
2757,2,3,4,0,9,18
2758,3,3,4,0,10,20
2759,3,3,4,0,10,20
2760,3,3,4,0,10,20
2761,3,3,4,0,10,20
2762,2,3,4,0,9,18
2763,2,3,4,0,9,18
2764,1,3,4,0,8,16
2765,1,3,4,0,8,16
2766,1,3,4,0,8,16
2767,1,3,4,0,8,16
2768,1,3,4,0,8,16
2769,1,3,4,0,8,16
2770,1,3,4,0,8,16
2771,1,3,4,0,8,16
2772,1,3,4,10,18,36
2773,1,3,4,10,18,36
2774,1,3,4,0,8,16
2775,3,3,4,2,12,24
2776,3,3,3,2,11,22
2777,1,3,4,0,8,16
2778,1,4,4,0,9,18
2779,1,4,4,0,9,18
2780,1,4,4,0,9,18
2781,1,4,4,0,9,18
2782,1,4,4,0,9,18
2783,1,4,4,0,9,18
2784,1,4,3,0,8,16
2785,1,4,3,0,8,16
2786,1,3,3,0,7,14
2787,2,3,3,0,8,16
2788,2,3,3,10,18,36
2789,1,4,3,0,8,16
2790,1,4,3,0,8,16
2791,1,4,3,0,8,16
2792,1,4,3,0,8,16
2793,1,4,3,0,8,16
2794,1,3,3,0,7,14
2795,1,3,3,0,7,14
2796,1,3,3,0,7,14
2797,1,3,3,0,7,14
2798,1,3,3,0,7,14
2799,1,3,3,0,7,14
2800,1,3,3,0,7,14
2801,1,3,3,0,7,14
2802,1,3,3,0,7,14
2803,1,3,3,0,7,14
2804,1,3,3,0,7,14
2805,1,3,3,0,7,14
2806,1,3,4,0,8,16
2807,1,3,4,0,8,16
2808,1,3,4,0,8,16
2809,1,3,4,0,8,16
2810,1,3,4,0,8,16
2811,1,3,4,0,8,16
2812,1,3,4,0,8,16
2813,1,3,4,0,8,16
2814,1,3,4,0,8,16
2815,1,3,4,0,8,16
2816,1,3,4,0,8,16
2817,1,3,4,0,8,16
2818,1,3,4,0,8,16
2819,1,3,4,0,8,16
2820,1,3,4,0,8,16
2821,1,3,4,0,8,16
2822,1,3,4,0,8,16
2823,1,3,4,0,8,16
2824,2,3,4,0,9,18
2825,3,3,4,0,10,20
2826,2,3,4,0,9,18
2827,3,3,4,0,10,20
2828,3,3,4,0,10,20
2829,2,3,3,0,8,16
2830,2,3,3,0,8,16
2831,2,3,4,0,9,18
2832,2,3,3,0,8,16
2833,2,3,3,0,8,16
2834,2,3,3,10,18,36
2835,1,3,3,10,17,34
2836,1,3,3,0,7,14
2837,1,3,3,0,7,14
2838,1,3,3,0,7,14
2839,1,3,2,0,6,12
2840,1,3,2,0,6,12
2841,1,3,3,0,7,14
2842,1,3,2,0,6,12
2843,1,3,1,5,10,20
2844,1,3,1,0,5,10
2845,1,3,1,5,10,20
2846,1,3,1,0,5,10
2847,1,3,2,5,11,22
2848,1,3,2,0,6,12
2849,1,3,2,5,11,22
2850,1,3,2,5,11,22
2851,1,3,2,5,11,22
2852,1,3,2,0,6,12
2853,1,3,1,0,5,10
2854,1,3,3,0,7,14
2855,1,3,2,5,11,22
2856,1,3,2,5,11,22
2857,1,3,2,5,11,22
2858,1,3,2,0,6,12
2859,1,3,2,0,6,12
2860,1,3,1,0,5,10
2861,1,3,2,5,11,22
2862,1,3,3,0,7,14
2863,1,3,2,0,6,12
2864,1,3,2,0,6,12
2865,1,3,2,0,6,12
2866,1,3,2,0,6,12
2867,1,3,1,0,5,10
2868,1,3,3,0,7,14
2869,1,3,2,0,6,12
2870,1,3,2,0,6,12
2871,1,1,3,0,5,10
2872,1,1,3,0,5,10
2873,1,1,3,0,5,10
2874,1,1,3,0,5,10
2875,1,1,3,0,5,10
2876,1,1,3,0,5,10
2877,1,1,3,0,5,10
2878,1,1,4,0,6,12
2879,1,3,4,0,8,16
2880,1,3,1,10,15,30
2881,1,3,1,10,15,30
2882,1,3,3,10,17,34
2883,2,3,3,0,8,16
2884,1,3,3,0,7,14
2885,1,3,3,0,7,14
2886,1,3,3,0,7,14
2887,1,3,3,0,7,14
2888,0,3,3,0,6,12
2889,0,3,3,10,16,32
2890,0,3,3,10,16,32
2891,1,3,3,10,17,34
2892,1,3,3,0,7,14
2893,0,3,3,0,6,12
2894,2,3,3,0,8,16
2895,2,3,3,0,8,16
2896,1,3,3,0,7,14
2897,2,3,3,0,8,16
2898,2,3,3,0,8,16
2899,1,3,3,0,7,14
2900,1,3,3,0,7,14
2901,2,3,3,0,8,16
2902,2,3,3,0,8,16
2903,1,3,3,0,7,14
2904,1,3,4,0,8,16
2905,1,3,4,0,8,16
2906,1,3,4,0,8,16
2907,1,3,4,0,8,16
2908,2,3,4,0,9,18
2909,1,3,4,0,8,16
2910,2,3,4,4,13,26
2911,1,3,4,0,8,16
2912,2,3,3,0,8,16
2913,2,3,3,0,8,16
2914,2,3,1,10,16,32
2915,3,3,3,0,9,18
2916,2,3,3,0,8,16
2917,3,3,3,0,9,18
2918,3,3,2,4,12,24
2919,1,3,3,0,7,14
2920,2,3,3,10,18,36
2921,1,3,3,0,7,14
2922,1,3,2,0,6,12
2923,1,3,2,0,6,12
2924,1,3,2,0,6,12
2925,1,3,2,0,6,12
2926,1,3,2,0,6,12
2927,1,3,3,0,7,14
2928,1,3,3,0,7,14
2929,1,3,3,0,7,14
2930,1,3,3,0,7,14
2931,1,3,3,0,7,14
2932,1,3,3,0,7,14
2933,1,3,3,0,7,14
2934,1,3,4,0,8,16
2935,1,3,4,0,8,16
2936,1,3,4,0,8,16
2937,1,3,4,0,8,16
2938,1,3,4,0,8,16
2939,1,3,4,0,8,16
2940,1,3,4,0,8,16
2941,1,3,4,0,8,16
2942,1,3,4,0,8,16
2943,1,3,4,0,8,16
2944,1,3,4,0,8,16
2945,1,3,4,0,8,16
2946,1,3,4,0,8,16
2947,1,3,4,0,8,16
2948,1,3,4,0,8,16
2949,1,3,4,0,8,16
2950,1,3,4,0,8,16
2951,1,3,4,0,8,16
2952,2,3,4,0,9,18
2953,2,3,4,0,9,18
2954,3,3,4,0,10,20
2955,3,3,4,0,10,20
2956,3,3,4,0,10,20
2957,2,3,4,0,9,18
2958,3,3,3,0,9,18
2959,3,3,3,0,9,18
2960,3,3,3,10,19,38
2961,3,3,3,10,19,38
2962,3,3,3,0,9,18
2963,2,3,3,0,8,16
2964,2,3,3,0,8,16
2965,2,3,1,10,16,32
2966,1,3,3,0,7,14
2967,1,3,3,0,7,14
2968,1,3,3,0,7,14
2969,1,3,3,0,7,14
2970,1,3,3,0,7,14
2971,1,3,3,0,7,14
2972,1,3,3,0,7,14
2973,1,3,4,0,8,16
2974,1,3,4,0,8,16
2975,1,3,4,0,8,16
2976,1,3,4,0,8,16
2977,1,3,4,0,8,16
2978,1,3,4,10,18,36
2979,1,3,4,0,8,16
2980,2,3,4,2,11,22
2981,1,3,4,0,8,16
2982,1,3,4,0,8,16
2983,1,3,3,0,7,14
2984,2,3,3,0,8,16
2985,1,3,3,10,17,34
2986,2,3,3,0,8,16
2987,1,3,3,0,7,14
2988,1,3,3,0,7,14
2989,1,3,3,0,7,14
2990,1,3,3,0,7,14
2991,1,3,3,0,7,14
2992,1,3,3,0,7,14
2993,1,3,3,0,7,14
2994,1,3,3,0,7,14
2995,1,3,3,0,7,14
2996,1,3,3,0,7,14
2997,1,3,3,0,7,14
2998,1,3,3,0,7,14
2999,1,3,3,0,7,14
3000,1,3,3,0,7,14
3001,1,3,3,0,7,14
3002,1,3,3,0,7,14
3003,1,3,3,0,7,14
3004,1,3,3,0,7,14
3005,1,3,3,0,7,14
3006,1,3,3,0,7,14
3007,1,3,3,0,7,14
3008,1,3,3,0,7,14
3009,1,3,3,0,7,14
3010,1,3,3,0,7,14
3011,1,3,3,0,7,14
3012,1,3,3,0,7,14
3013,1,3,3,0,7,14
3014,1,3,3,0,7,14
3015,1,3,3,0,7,14
3016,1,3,3,0,7,14
3017,1,3,3,0,7,14
3018,1,3,3,0,7,14
3019,1,3,3,0,7,14
3020,1,3,3,0,7,14
3021,1,3,2,0,6,12
3022,1,3,2,0,6,12
3023,1,3,2,5,11,22
3024,1,3,2,5,11,22
3025,1,3,1,5,10,20
3026,1,3,1,5,10,20
3027,1,3,1,0,5,10
3028,1,3,1,5,10,20
3029,1,3,1,0,5,10
3030,1,3,1,0,5,10
3031,1,3,1,0,5,10
3032,1,3,1,5,10,20
3033,1,3,1,5,10,20
3034,1,3,1,0,5,10
3035,1,3,1,0,5,10
3036,1,3,1,0,5,10
3037,1,3,1,0,5,10
3038,1,3,1,0,5,10
3039,1,3,2,5,11,22
3040,1,3,1,5,10,20
3041,1,3,1,5,10,20
3042,1,3,3,0,7,14
3043,1,3,3,0,7,14
3044,1,3,3,0,7,14
3045,1,3,3,0,7,14
3046,1,3,3,0,7,14
3047,1,3,3,0,7,14
3048,1,3,3,0,7,14
3049,1,3,4,0,8,16
3050,1,3,4,0,8,16
3051,1,3,4,0,8,16
3052,1,3,4,0,8,16
3053,1,3,4,0,8,16
3054,1,3,4,0,8,16
3055,1,3,4,0,8,16
3056,1,3,4,0,8,16
3057,1,3,4,0,8,16
3058,1,3,4,0,8,16
3059,1,3,4,0,8,16
3060,1,3,4,0,8,16
3061,1,3,4,0,8,16
3062,1,3,4,0,8,16
3063,1,3,4,0,8,16
3064,1,3,4,0,8,16
3065,1,3,4,0,8,16
3066,2,3,4,0,9,18
3067,2,3,4,0,9,18
3068,3,3,4,0,10,20
3069,2,3,4,0,9,18
3070,3,3,4,0,10,20
3071,3,3,3,0,9,18
3072,2,3,3,0,8,16
3073,3,3,0,0,6,12
3074,2,3,0,0,5,10
3075,2,3,0,10,15,30
3076,2,3,0,10,15,30
3077,2,3,0,10,15,30
3078,1,3,4,0,8,16
3079,1,3,4,0,8,16
3080,1,3,4,0,8,16
3081,1,3,4,0,8,16
3082,1,3,4,0,8,16
3083,1,3,4,0,8,16
3084,1,3,4,0,8,16
3085,1,3,4,0,8,16
3086,2,3,4,4,13,26
3087,2,3,4,0,9,18
3088,1,3,4,0,8,16
3089,2,3,2,10,17,34
3090,2,3,3,10,18,36
3091,1,3,2,2,8,16
3092,1,3,2,2,8,16
3093,1,3,2,2,8,16
3094,2,3,2,2,9,18
3095,2,3,2,1,8,16
3096,2,3,2,5,12,24
3097,2,3,1,5,11,22
3098,2,3,1,5,11,22
3099,2,3,1,1,7,14
3100,3,3,1,1,8,16
3101,3,3,1,2,9,18
3102,2,3,1,2,8,16
3103,2,3,1,2,8,16
3104,2,3,1,5,11,22
3105,1,3,1,1,6,12
3106,4,3,1,1,9,18
3107,4,3,1,0,8,16
3108,2,3,1,1,7,14
3109,2,3,1,1,7,14
3110,2,3,1,1,7,14
3111,2,3,1,1,7,14
3112,2,3,1,1,7,14
3113,1,1,3,0,5,10
3114,1,1,3,0,5,10
3115,2,1,3,0,6,12
3116,2,1,3,0,6,12
3117,1,3,1,0,5,10
3118,1,3,1,0,5,10
3119,1,3,1,10,15,30
3120,1,3,1,10,15,30
3121,2,3,1,10,16,32
3122,2,3,4,10,19,38
3123,2,3,4,10,19,38
3124,2,3,4,10,19,38
3125,2,3,4,10,19,38
3126,2,3,4,0,9,18
3127,2,3,1,10,16,32
3128,2,3,1,10,16,32
3129,2,3,1,10,16,32
3130,2,3,1,10,16,32
3131,2,3,1,10,16,32
3132,1,3,4,0,8,16
3133,1,3,4,0,8,16
3134,2,3,4,0,9,18
3135,2,3,3,0,8,16
3136,2,3,1,5,11,22
3137,3,3,1,2,9,18
3138,2,3,1,4,10,20
3139,2,3,1,6,12,24
3140,2,3,1,10,16,32
3141,2,3,1,6,12,24
3142,2,3,1,6,12,24
3143,3,3,1,10,17,34
3144,3,3,1,10,17,34
3145,2,3,0,0,5,10
3146,4,3,1,8,16,32
3147,3,3,1,3,10,20
3148,4,3,1,4,12,24
3149,5,3,1,5,14,28
3150,4,3,1,4,12,24
3151,5,3,1,5,14,28
3152,2,3,1,4,10,20
3153,2,3,2,5,12,24
3154,1,3,3,6,13,26
3155,3,3,1,6,13,26
3156,1,3,2,5,11,22
3157,3,3,1,0,7,14
3158,2,3,1,0,6,12
3159,1,3,1,0,5,10
3160,3,3,1,0,7,14
3161,3,3,1,0,7,14
3162,2,3,1,0,6,12
3163,2,3,1,0,6,12
3164,2,3,1,3,9,18
3165,2,3,1,3,9,18
3166,2,3,2,0,7,14
3167,2,3,3,5,13,26
3168,2,3,1,3,9,18
3169,2,3,2,3,10,20
3170,1,3,3,0,7,14
3171,1,3,3,0,7,14
3172,1,3,3,0,7,14
3173,1,3,3,0,7,14
3174,1,3,3,0,7,14
3175,1,3,3,0,7,14
3176,1,3,3,0,7,14
3177,1,3,3,0,7,14
3178,1,4,4,0,9,18
3179,1,4,4,0,9,18
3180,1,4,4,0,9,18
3181,1,4,4,0,9,18
3182,1,4,4,0,9,18
3183,1,5,4,0,10,20
3184,1,5,4,0,10,20
3185,1,5,4,0,10,20
3186,1,5,4,0,10,20
3187,1,5,4,0,10,20
3188,1,5,4,0,10,20
3189,1,5,4,0,10,20
3190,1,5,4,0,10,20
3191,1,3,4,0,8,16
3192,1,3,4,0,8,16
3193,2,3,4,0,9,18
3194,2,3,4,0,9,18
3195,3,3,4,0,10,20
3196,2,3,4,0,9,18
3197,3,3,4,0,10,20
3198,3,3,3,0,9,18
3199,2,3,3,0,8,16
3200,3,3,0,10,16,32
3201,3,3,3,10,19,38
3202,2,3,3,0,8,16
3203,2,3,3,0,8,16
3204,2,3,3,0,8,16
3205,2,3,3,0,8,16
3206,2,3,3,0,8,16
3207,1,3,3,0,7,14
3208,1,3,3,0,7,14
3209,1,3,3,0,7,14
3210,1,3,3,0,7,14
3211,1,3,3,0,7,14
3212,1,3,3,0,7,14
3213,1,3,3,0,7,14
3214,1,3,4,0,8,16
3215,1,3,4,0,8,16
3216,1,3,4,0,8,16
3217,1,3,4,0,8,16
3218,1,3,4,0,8,16
3219,1,3,4,0,8,16
3220,1,3,4,0,8,16
3221,2,3,4,4,13,26
3222,1,3,4,0,8,16
3223,2,3,4,0,9,18
3224,1,3,3,10,17,34
3225,1,3,3,0,7,14
3226,1,3,3,0,7,14
3227,1,3,3,0,7,14
3228,1,3,3,0,7,14
3229,1,3,3,0,7,14
3230,1,3,1,0,5,10
3231,1,3,1,6,11,22
3232,1,3,3,0,7,14
3233,1,3,3,0,7,14
3234,1,3,3,0,7,14
3235,1,3,3,0,7,14
3236,1,3,3,0,7,14
3237,1,3,3,0,7,14
3238,1,3,4,0,8,16
3239,1,3,4,0,8,16
3240,1,3,4,0,8,16
3241,1,3,4,0,8,16
3242,1,3,4,0,8,16
3243,1,3,4,0,8,16
3244,1,3,4,0,8,16
3245,1,3,4,0,8,16
3246,1,3,4,0,8,16
3247,1,3,4,0,8,16
3248,1,3,4,0,8,16
3249,1,3,4,0,8,16
3250,1,3,4,0,8,16
3251,1,3,4,0,8,16
3252,1,3,4,0,8,16
3253,1,3,4,0,8,16
3254,1,3,4,0,8,16
3255,1,3,4,0,8,16
3256,2,3,4,0,9,18
3257,3,3,4,0,10,20
3258,2,3,4,0,9,18
3259,3,3,4,0,10,20
3260,3,3,4,0,10,20
3261,3,3,3,0,9,18
3262,3,3,3,0,9,18
3263,3,3,0,0,6,12
3264,2,3,0,10,15,30
3265,2,3,3,10,18,36
3266,2,3,3,0,8,16
3267,2,3,3,0,8,16
3268,2,3,3,0,8,16
3269,1,3,3,0,7,14
3270,1,3,3,0,7,14
3271,1,3,3,0,7,14
3272,1,3,3,0,7,14
3273,1,3,3,0,7,14
3274,1,3,3,0,7,14
3275,1,3,4,0,8,16
3276,1,3,4,0,8,16
3277,1,3,4,0,8,16
3278,1,3,4,0,8,16
3279,1,3,4,0,8,16
3280,1,3,4,0,8,16
3281,1,3,4,10,18,36
3282,1,3,4,10,18,36
3283,2,3,4,10,19,38
3284,1,3,4,0,8,16
3285,1,1,4,0,6,12
3286,1,1,4,0,6,12
3287,1,1,4,0,6,12
3288,1,1,4,0,6,12
3289,1,1,4,0,6,12
3290,1,1,4,0,6,12
3291,1,1,4,0,6,12
3292,1,1,3,0,5,10
3293,1,1,3,0,5,10
3294,2,1,3,0,6,12
3295,1,1,3,0,5,10
3296,1,3,3,0,7,14
3297,1,3,3,0,7,14
3298,1,3,3,0,7,14
3299,1,1,3,0,5,10
3300,1,1,3,0,5,10
3301,1,3,4,0,8,16
3302,1,3,4,0,8,16
3303,1,3,4,0,8,16
3304,1,3,4,0,8,16
3305,1,3,4,0,8,16
3306,1,3,4,0,8,16
3307,1,3,4,0,8,16
3308,1,3,4,0,8,16
3309,1,3,4,0,8,16
3310,1,3,4,0,8,16
3311,1,3,4,0,8,16
3312,1,3,4,0,8,16
3313,2,3,4,0,9,18
3314,3,3,4,0,10,20
3315,2,3,4,0,9,18
3316,3,3,4,0,10,20
3317,3,3,4,0,10,20
3318,3,3,4,0,10,20
3319,2,3,3,0,8,16
3320,2,3,4,0,9,18
3321,2,3,4,0,9,18
3322,1,3,4,0,8,16
3323,1,3,4,0,8,16
3324,1,3,4,0,8,16
3325,1,3,4,0,8,16
3326,1,3,4,0,8,16
3327,1,3,4,0,8,16
3328,1,3,4,0,8,16
3329,1,3,4,0,8,16
3330,0,3,3,0,6,12
3331,1,3,4,10,18,36
3332,1,3,4,10,18,36
3333,1,3,4,10,18,36
3334,1,3,4,10,18,36
3335,1,3,4,0,8,16
3336,1,3,4,0,8,16
3337,1,3,3,0,7,14
3338,1,3,3,10,17,34
3339,1,3,3,0,7,14
3340,1,3,3,0,7,14
3341,1,3,3,0,7,14
3342,1,3,3,0,7,14
3343,1,3,3,0,7,14
3344,1,3,3,0,7,14
3345,1,3,3,0,7,14
3346,1,3,3,0,7,14
3347,1,3,4,0,8,16
3348,1,3,4,0,8,16
3349,1,3,4,0,8,16
3350,1,3,4,0,8,16
3351,1,3,4,0,8,16
3352,1,3,4,0,8,16
3353,1,3,4,0,8,16
3354,1,3,4,0,8,16
3355,1,3,4,0,8,16
3356,1,3,4,0,8,16
3357,1,3,3,0,7,14
3358,1,3,3,0,7,14
3359,2,3,3,0,8,16
3360,0,3,3,0,6,12
3361,1,3,3,0,7,14
3362,0,3,3,0,6,12
3363,1,3,2,2,8,16
3364,2,3,2,10,17,34
3365,2,3,2,5,12,24
3366,1,3,2,10,16,32
3367,1,3,1,5,10,20
3368,1,3,1,5,10,20
3369,1,3,0,0,4,8
3370,1,3,1,0,5,10
3371,2,3,1,10,16,32
3372,1,3,3,0,7,14
3373,2,3,3,0,8,16
3374,2,3,1,5,11,22
3375,3,3,1,6,13,26
3376,3,3,1,6,13,26
3377,2,3,0,0,5,10
3378,2,3,0,10,15,30
3379,2,3,0,10,15,30
3380,2,3,0,0,5,10
3381,2,3,3,0,8,16
3382,2,3,1,0,6,12
3383,2,3,0,0,5,10
3384,2,3,0,0,5,10
3385,2,3,0,0,5,10
3386,2,3,3,10,18,36
3387,2,3,2,5,12,24
3388,1,3,0,10,14,28
3389,1,3,1,0,5,10
3390,1,3,1,3,8,16
3391,0,3,2,0,5,10
3392,1,3,1,1,6,12
3393,1,3,1,2,7,14
3394,0,3,1,0,4,8
3395,0,3,1,0,4,8
3396,0,3,1,0,4,8
3397,0,3,1,0,4,8
3398,0,3,2,0,5,10
3399,0,3,2,0,5,10
3400,0,3,1,0,4,8
3401,0,3,1,0,4,8
3402,1,3,1,0,5,10
3403,1,3,1,0,5,10
3404,1,3,2,5,11,22
3405,1,3,1,1,6,12
3406,0,3,3,0,6,12
3407,0,3,3,0,6,12
3408,1,3,1,1,6,12
3409,0,3,1,1,5,10
3410,0,3,1,3,7,14
3411,0,3,2,2,7,14
3412,3,3,1,1,8,16
3413,0,3,2,0,5,10
3414,1,3,2,0,6,12
3415,2,3,2,0,7,14
3416,2,3,2,0,7,14
3417,3,3,2,0,8,16
3418,3,3,2,0,8,16
3419,2,3,2,0,7,14
3420,1,3,2,0,6,12
3421,2,3,2,0,7,14
3422,1,1,2,0,4,8
3423,1,1,2,0,4,8
3424,1,1,2,0,4,8
3425,1,1,2,0,4,8
3426,1,1,2,0,4,8
3427,2,1,2,0,5,10
3428,2,1,2,0,5,10
3429,2,1,2,0,5,10
3430,0,1,2,0,3,6
3431,1,1,2,0,4,8
3432,1,1,2,0,4,8
3433,1,1,2,0,4,8
3434,1,1,2,0,4,8
3435,2,1,2,0,5,10
3436,1,1,2,0,4,8
3437,0,1,2,0,3,6
3438,1,1,2,0,4,8
3439,1,1,2,0,4,8
3440,2,1,2,0,5,10
3441,1,1,2,0,4,8
3442,2,1,2,0,5,10
3443,0,1,2,0,3,6
3444,2,1,2,0,5,10
3445,2,1,2,0,5,10
3446,2,1,2,0,5,10
3447,0,1,2,0,3,6
3448,2,1,2,0,5,10
3449,2,1,2,0,5,10
3450,2,1,2,0,5,10
3451,2,1,2,0,5,10
3452,2,1,2,0,5,10
3453,1,1,2,0,4,8
3454,1,1,2,0,4,8
3455,1,1,1,0,3,6
3456,2,1,1,0,4,8
3457,1,1,2,0,4,8
3458,1,1,1,4,7,14
3459,2,1,1,5,9,18
3460,2,1,0,0,3,6
3461,1,1,1,0,3,6
3462,1,1,0,0,2,4
3463,2,1,3,0,6,12
3464,2,1,4,10,17,34
3465,2,1,4,10,17,34
3466,2,1,4,10,17,34
3467,2,1,4,0,7,14
3468,1,1,1,10,13,26
3469,2,1,4,0,7,14
3470,2,1,4,10,17,34
3471,2,3,4,0,9,18
3472,2,3,4,0,9,18
3473,2,3,4,0,9,18
3474,2,3,4,10,19,38
3475,1,3,3,0,7,14
3476,1,3,3,0,7,14
3477,1,3,3,0,7,14
3478,1,3,3,0,7,14
3479,1,3,3,0,7,14
3480,1,3,3,0,7,14
3481,1,3,4,0,8,16
3482,1,3,4,0,8,16
3483,1,3,4,0,8,16
3484,1,3,4,0,8,16
3485,1,3,4,0,8,16
3486,1,3,4,0,8,16
3487,1,3,4,0,8,16
3488,1,3,4,0,8,16
3489,1,3,4,0,8,16
3490,1,3,4,0,8,16
3491,1,3,4,0,8,16
3492,1,3,4,0,8,16
3493,1,3,4,0,8,16
3494,1,3,4,0,8,16
3495,1,3,4,0,8,16
3496,1,3,4,0,8,16
3497,2,3,4,0,9,18
3498,3,3,4,0,10,20
3499,3,3,4,0,10,20
3500,3,3,4,0,10,20
3501,3,3,3,0,9,18
3502,3,3,3,0,9,18
3503,3,3,3,0,9,18
3504,2,3,0,0,5,10
3505,2,3,0,0,5,10
3506,2,3,0,0,5,10
3507,2,3,3,0,8,16
3508,2,3,3,0,8,16
3509,1,3,3,0,7,14
3510,1,3,3,0,7,14
3511,1,3,3,0,7,14
3512,1,3,3,0,7,14
3513,1,3,3,0,7,14
3514,1,3,3,0,7,14
3515,1,3,4,0,8,16
3516,1,3,4,0,8,16
3517,1,3,4,0,8,16
3518,1,3,4,0,8,16
3519,1,3,4,0,8,16
3520,1,3,4,0,8,16
3521,1,3,4,10,18,36
3522,1,3,4,10,18,36
3523,1,3,4,10,18,36
3524,2,3,4,4,13,26
3525,1,3,4,0,8,16
3526,1,3,4,0,8,16
3527,1,3,4,0,8,16
3528,1,3,4,0,8,16
3529,1,3,4,0,8,16
3530,1,3,4,0,8,16
3531,1,3,4,0,8,16
3532,1,3,3,0,7,14
3533,1,3,3,0,7,14
3534,2,3,3,0,8,16
3535,3,3,3,10,19,38
3536,2,3,3,0,8,16
3537,2,3,3,10,18,36
3538,2,3,3,10,18,36
3539,1,3,3,0,7,14
3540,1,3,3,0,7,14
3541,1,3,3,0,7,14
3542,1,3,3,0,7,14
3543,1,3,3,0,7,14
3544,1,3,3,0,7,14
3545,1,3,3,0,7,14
3546,1,3,3,0,7,14
3547,1,3,3,0,7,14
3548,1,3,3,0,7,14
3549,1,3,3,0,7,14
3550,1,3,4,0,8,16
3551,1,3,4,0,8,16
3552,1,3,4,0,8,16
3553,1,3,4,0,8,16
3554,1,3,4,0,8,16
3555,1,3,4,0,8,16
3556,1,3,4,0,8,16
3557,1,3,4,0,8,16
3558,1,3,4,0,8,16
3559,1,3,4,0,8,16
3560,1,3,4,0,8,16
3561,1,3,4,0,8,16
3562,1,3,4,0,8,16
3563,1,3,4,0,8,16
3564,1,3,4,0,8,16
3565,2,3,4,0,9,18
3566,3,3,4,0,10,20
3567,2,3,4,0,9,18
3568,3,3,4,0,10,20
3569,3,3,4,0,10,20
3570,3,3,3,0,9,18
3571,1,3,3,0,7,14
3572,2,3,4,0,9,18
3573,1,3,4,0,8,16
3574,1,3,4,0,8,16
3575,2,3,4,0,9,18
3576,1,3,4,0,8,16
3577,1,3,4,0,8,16
3578,1,3,4,0,8,16
3579,1,3,4,0,8,16
3580,1,3,4,0,8,16
3581,1,3,4,0,8,16
3582,1,3,1,10,15,30
3583,1,3,4,10,18,36
3584,1,3,4,10,18,36
3585,2,3,4,4,13,26
3586,1,3,4,0,8,16
3587,1,3,4,0,8,16
3588,2,3,4,10,19,38
3589,2,3,4,0,9,18
3590,1,3,3,0,7,14
3591,1,3,3,0,7,14
3592,1,3,4,10,18,36
3593,1,3,3,0,7,14
3594,1,3,0,10,14,28
3595,2,4,0,0,6,12
3596,2,4,0,0,6,12
3597,2,4,0,10,16,32
3598,2,4,0,10,16,32
3599,2,4,3,0,9,18
3600,2,4,3,0,9,18
3601,2,2,3,0,7,14
3602,3,2,3,0,8,16
3603,2,2,3,0,7,14
3604,3,2,1,0,6,12
3605,1,2,0,0,3,6
3606,2,2,0,0,4,8
3607,1,2,0,5,8,16
3608,2,2,1,5,10,20
3609,1,2,0,0,3,6
3610,1,2,0,0,3,6
3611,1,3,3,0,7,14
3612,1,3,3,0,7,14
3613,1,3,3,0,7,14
3614,1,3,3,0,7,14
3615,1,3,3,0,7,14
3616,1,3,3,0,7,14
3617,1,3,3,0,7,14
3618,1,3,3,0,7,14
3619,1,3,4,0,8,16
3620,1,3,4,0,8,16
3621,1,3,4,0,8,16
3622,1,3,4,0,8,16
3623,1,3,4,0,8,16
3624,1,3,4,0,8,16
3625,1,3,4,0,8,16
3626,1,3,4,0,8,16
3627,1,3,4,0,8,16
3628,1,3,4,0,8,16
3629,1,3,4,0,8,16
3630,1,3,4,0,8,16
3631,1,3,4,0,8,16
3632,1,3,4,0,8,16
3633,1,3,4,0,8,16
3634,1,3,4,0,8,16
3635,1,3,4,0,8,16
3636,2,3,4,0,9,18
3637,3,3,4,0,10,20
3638,3,3,4,0,10,20
3639,3,3,4,0,10,20
3640,3,3,3,0,9,18
3641,2,3,3,0,8,16
3642,3,3,3,0,9,18
3643,2,3,3,10,18,36
3644,2,3,3,10,18,36
3645,2,3,3,10,18,36
3646,1,3,3,10,17,34
3647,2,3,3,0,8,16
3648,2,3,3,0,8,16
3649,2,3,3,0,8,16
3650,1,3,3,0,7,14
3651,1,3,3,0,7,14
3652,1,3,3,0,7,14
3653,1,3,3,0,7,14
3654,1,3,3,0,7,14
3655,1,3,3,0,7,14
3656,1,3,4,0,8,16
3657,1,3,4,0,8,16
3658,1,3,4,0,8,16
3659,1,3,4,0,8,16
3660,1,3,4,0,8,16
3661,1,3,4,0,8,16
3662,1,3,4,0,8,16
3663,2,3,4,4,13,26
3664,2,3,3,2,10,20
3665,1,3,3,0,7,14
3666,1,3,3,0,7,14
3667,1,3,3,0,7,14
3668,1,3,3,0,7,14
3669,1,3,3,0,7,14
3670,1,3,3,0,7,14
3671,1,3,3,0,7,14
3672,1,3,4,0,8,16
3673,1,3,4,0,8,16
3674,1,3,4,0,8,16
3675,1,3,4,0,8,16
3676,1,3,4,0,8,16
3677,1,3,4,0,8,16
3678,1,3,4,0,8,16
3679,1,3,4,0,8,16
3680,1,3,4,0,8,16
3681,1,3,4,10,18,36
3682,1,3,3,10,17,34
3683,2,3,3,10,18,36
3684,0,3,3,10,16,32
3685,1,3,3,0,7,14
3686,1,3,3,10,17,34
3687,1,3,3,0,7,14
3688,1,3,3,0,7,14
3689,2,3,3,0,8,16
3690,2,3,3,0,8,16
3691,2,3,3,0,8,16
3692,2,3,3,0,8,16
3693,2,3,3,10,18,36
3694,2,3,0,0,5,10
3695,1,3,3,0,7,14
3696,2,3,4,0,9,18
3697,2,3,4,0,9,18
3698,1,3,1,0,5,10
3699,2,3,1,0,6,12
3700,3,3,2,5,13,26
3701,3,3,2,5,13,26
3702,2,3,2,5,12,24
3703,3,3,3,5,14,28
3704,1,3,3,0,7,14
3705,2,3,3,10,18,36
3706,2,3,3,4,12,24
3707,1,3,3,4,11,22
3708,3,3,3,10,19,38
3709,3,3,3,10,19,38
3710,1,3,3,6,13,26
3711,1,3,3,6,13,26
3712,1,3,3,5,12,24
3713,1,3,2,5,11,22
3714,1,3,3,5,12,24
3715,2,3,3,10,18,36
3716,3,3,3,0,9,18
3717,2,3,3,10,18,36
3718,2,3,3,5,13,26
3719,2,3,3,10,18,36
3720,2,3,3,0,8,16
3721,3,3,3,6,15,30
3722,2,3,2,2,9,18
3723,2,3,2,2,9,18
3724,2,3,1,0,6,12
3725,2,3,3,2,10,20
3726,2,3,3,0,8,16
3727,2,3,3,0,8,16
3728,3,3,2,0,8,16
3729,2,3,2,5,12,24
3730,1,3,1,0,5,10
3731,1,3,3,0,7,14
3732,1,3,3,0,7,14
3733,1,3,3,0,7,14
3734,1,3,3,0,7,14
3735,1,3,3,0,7,14
3736,1,3,3,0,7,14
3737,1,3,3,0,7,14
3738,1,3,4,10,18,36
3739,1,3,4,10,18,36
3740,2,3,4,10,19,38
3741,1,3,4,10,18,36
3742,1,3,4,10,18,36
3743,1,3,4,10,18,36
3744,1,3,3,10,17,34
3745,2,3,4,4,13,26
3746,1,3,4,0,8,16
3747,1,3,4,0,8,16
3748,2,3,4,0,9,18
3749,2,3,4,0,9,18
3750,2,3,3,0,8,16
3751,1,3,3,0,7,14
3752,1,3,3,0,7,14
3753,1,3,3,0,7,14
3754,1,3,3,0,7,14
3755,2,3,1,0,6,12
3756,2,3,1,0,6,12
3757,5,3,1,0,9,18
3758,2,3,0,5,10,20
3759,2,3,0,0,5,10
3760,2,3,0,10,15,30
3761,2,3,3,10,18,36
3762,1,3,3,10,17,34
3763,1,3,3,0,7,14
3764,1,3,3,0,7,14
3765,1,3,3,0,7,14
3766,1,3,3,0,7,14
3767,2,3,3,0,8,16
3768,1,3,3,0,7,14
3769,1,3,3,0,7,14
3770,1,3,3,0,7,14
3771,2,3,0,10,15,30
3772,1,3,0,10,14,28
3773,3,3,0,10,16,32
3774,1,3,1,5,10,20
3775,0,3,3,0,6,12
3776,0,3,3,0,6,12
3777,0,3,3,0,6,12
3778,0,3,3,0,6,12
3779,3,3,0,10,16,32
3780,1,3,1,5,10,20
3781,1,3,1,5,10,20
3782,1,3,0,10,14,28
3783,2,3,0,10,15,30
3784,3,3,0,4,10,20
3785,1,3,1,5,10,20
3786,1,3,2,5,11,22
3787,1,3,0,0,4,8
3788,1,3,0,0,4,8
3789,2,3,0,5,10,20
3790,3,3,0,4,10,20
3791,2,3,0,5,10,20
3792,1,3,0,5,9,18
3793,1,3,0,0,4,8
3794,3,3,0,10,16,32
3795,1,3,0,10,14,28
3796,1,3,3,10,17,34
3797,1,3,0,0,4,8
3798,1,3,0,0,4,8
3799,1,3,3,10,17,34
3800,1,3,3,0,7,14
3801,1,3,3,0,7,14
3802,1,3,3,0,7,14
3803,1,3,3,0,7,14
3804,1,3,3,0,7,14
3805,1,3,3,0,7,14
3806,1,3,4,0,8,16
3807,1,3,4,0,8,16
3808,1,3,4,0,8,16
3809,1,3,4,0,8,16
3810,1,3,4,0,8,16
3811,1,3,4,0,8,16
3812,1,3,4,0,8,16
3813,1,3,4,0,8,16
3814,1,3,4,0,8,16
3815,1,3,4,0,8,16
3816,1,3,4,0,8,16
3817,1,3,4,0,8,16
3818,1,3,4,0,8,16
3819,1,3,4,0,8,16
3820,1,3,4,0,8,16
3821,1,3,4,0,8,16
3822,1,3,4,0,8,16
3823,1,3,4,0,8,16
3824,2,3,4,0,9,18
3825,2,3,4,0,9,18
3826,2,3,4,0,9,18
3827,3,3,4,0,10,20
3828,3,3,4,0,10,20
3829,3,3,4,0,10,20
3830,1,3,3,0,7,14
3831,2,3,1,0,6,12
3832,1,3,3,0,7,14
3833,1,3,3,0,7,14
3834,1,3,3,0,7,14
3835,1,3,3,0,7,14
3836,1,3,4,0,8,16
3837,1,3,4,0,8,16
3838,1,3,4,0,8,16
3839,1,3,4,0,8,16
3840,2,3,4,4,13,26
3841,1,3,4,0,8,16
3842,1,3,4,0,8,16
3843,1,3,4,0,8,16
3844,1,3,4,0,8,16
3845,1,3,4,0,8,16
3846,1,3,4,0,8,16
3847,1,3,4,0,8,16
3848,1,3,4,0,8,16
3849,1,3,4,0,8,16
3850,1,3,3,0,7,14
3851,2,3,3,0,8,16
3852,2,3,3,0,8,16
3853,2,3,3,0,8,16
3854,2,3,3,0,8,16
3855,2,3,3,0,8,16
3856,1,3,3,0,7,14
3857,2,3,1,0,6,12
3858,2,3,1,5,11,22
3859,1,3,1,0,5,10
3860,2,3,3,0,8,16
3861,1,1,3,0,5,10
3862,1,1,3,0,5,10
3863,1,1,3,0,5,10
3864,2,1,3,0,6,12
3865,1,1,3,0,5,10
3866,1,1,3,0,5,10
3867,2,1,3,0,6,12
3868,1,1,3,0,5,10
3869,1,3,4,0,8,16
3870,1,3,4,0,8,16
3871,1,3,4,0,8,16
3872,1,3,4,0,8,16
3873,1,3,4,0,8,16
3874,1,3,4,0,8,16
3875,1,3,4,0,8,16
3876,1,3,4,0,8,16
3877,1,3,4,0,8,16
3878,1,3,4,0,8,16
3879,1,3,4,0,8,16
3880,1,3,4,0,8,16
3881,1,3,4,0,8,16
3882,1,3,4,0,8,16
3883,2,3,4,0,9,18
3884,2,3,4,0,9,18
3885,2,3,4,0,9,18
3886,2,3,4,0,9,18
3887,2,3,4,0,9,18
3888,3,3,4,0,10,20
3889,2,3,4,0,9,18
3890,3,3,4,0,10,20
3891,2,3,3,0,8,16
3892,3,3,3,0,9,18
3893,2,3,3,0,8,16
3894,3,3,3,10,19,38
3895,3,3,0,10,16,32
3896,3,3,0,10,16,32
3897,2,3,3,10,18,36
3898,2,3,3,0,8,16
3899,2,3,3,0,8,16
3900,2,3,3,0,8,16
3901,1,3,3,0,7,14
3902,1,3,3,0,7,14
3903,1,3,3,0,7,14
3904,1,3,3,0,7,14
3905,1,3,3,0,7,14
3906,1,3,3,0,7,14
3907,1,3,3,0,7,14
3908,1,3,4,0,8,16
3909,1,3,4,0,8,16
3910,1,3,4,0,8,16
3911,1,3,4,0,8,16
3912,1,3,4,0,8,16
3913,1,3,4,0,8,16
3914,1,3,4,0,8,16
3915,1,3,4,0,8,16
3916,1,3,4,0,8,16
3917,1,3,3,4,11,22
3918,2,3,2,10,17,34
3919,3,3,2,5,13,26
3920,3,3,2,2,10,20
3921,2,3,2,2,9,18
3922,3,3,2,2,10,20
3923,3,3,2,2,10,20
3924,3,3,2,2,10,20
3925,2,3,2,2,9,18
3926,2,3,2,2,9,18
3927,2,3,2,2,9,18
3928,2,3,2,2,9,18
3929,2,3,2,2,9,18
3930,3,3,2,2,10,20
3931,2,3,3,0,8,16
3932,1,3,3,0,7,14
3933,1,3,3,0,7,14
3934,1,3,3,0,7,14
3935,1,3,3,0,7,14
3936,3,3,3,0,9,18
3937,3,3,3,0,9,18
3938,2,3,3,0,8,16
3939,2,3,3,0,8,16
3940,2,3,3,0,8,16
3941,2,3,1,10,16,32
3942,1,3,1,0,5,10
3943,1,3,1,0,5,10
3944,1,3,1,10,15,30
3945,1,3,1,0,5,10
3946,1,3,1,0,5,10
3947,1,3,4,0,8,16
3948,2,3,4,0,9,18
3949,2,3,4,10,19,38
3950,2,3,4,10,19,38
3951,3,3,4,10,20,40
3952,2,3,1,0,6,12
3953,2,3,1,0,6,12
3954,3,3,2,10,18,36
3955,3,3,2,6,14,28
3956,2,3,3,5,13,26
3957,2,3,3,6,14,28
3958,2,3,2,0,7,14
3959,3,3,3,0,9,18
3960,1,3,3,0,7,14
3961,1,3,0,5,9,18
3962,2,3,0,0,5,10
3963,2,3,0,5,10,20
3964,2,3,0,0,5,10
3965,2,3,0,0,5,10
3966,2,3,0,0,5,10
3967,2,3,0,5,10,20
3968,3,3,1,0,7,14
3969,2,3,1,5,11,22
3970,2,3,2,5,12,24
3971,2,3,2,5,12,24
3972,2,3,3,0,8,16
3973,2,3,1,0,6,12
3974,1,3,1,5,10,20
3975,2,3,2,5,12,24
3976,2,3,2,5,12,24
3977,2,3,2,5,12,24
3978,2,3,3,0,8,16
3979,2,3,3,0,8,16
3980,2,3,2,0,7,14
3981,2,3,3,0,8,16
3982,2,3,1,3,9,18
3983,1,3,4,10,18,36
3984,1,3,4,5,13,26
3985,0,3,3,0,6,12
3986,0,3,3,0,6,12
3987,0,3,3,0,6,12
3988,0,3,3,0,6,12
3989,0,3,3,0,6,12
3990,0,3,3,0,6,12
3991,2,3,3,0,8,16
3992,2,3,3,0,8,16
3993,1,3,3,0,7,14
3994,1,3,3,0,7,14
3995,1,3,3,0,7,14
3996,2,3,3,0,8,16
3997,1,3,3,5,12,24
3998,1,3,3,0,7,14
3999,1,3,2,0,6,12
4000,1,3,3,0,7,14
4001,2,3,1,0,6,12
4002,2,3,3,0,8,16
4003,2,3,3,0,8,16
4004,2,3,3,0,8,16
4005,1,3,3,0,7,14
4006,1,3,3,0,7,14
4007,2,3,3,0,8,16
4008,1,3,3,0,7,14
4009,2,3,3,0,8,16
4010,2,3,3,0,8,16
4011,2,3,3,0,8,16
4012,2,3,3,0,8,16
4013,2,3,3,0,8,16
4014,2,3,3,0,8,16
4015,1,3,3,0,7,14
4016,2,3,3,0,8,16
4017,2,3,3,0,8,16
4018,1,3,3,0,7,14
4019,1,3,3,0,7,14
4020,1,3,3,0,7,14
4021,1,3,3,0,7,14
4022,1,3,3,0,7,14
4023,1,3,3,0,7,14
4024,1,3,4,0,8,16
4025,1,3,4,0,8,16
4026,1,3,4,0,8,16
4027,1,3,4,0,8,16
4028,1,3,3,0,7,14
4029,2,3,3,0,8,16
4030,3,3,3,0,9,18
4031,2,3,1,0,6,12
4032,2,3,1,0,6,12
4033,2,3,1,0,6,12
4034,3,3,0,5,11,22
4035,2,3,1,5,11,22
4036,2,3,0,0,5,10
4037,2,3,0,10,15,30
4038,2,3,0,0,5,10
4039,2,3,1,0,6,12
4040,2,3,1,0,6,12
4041,1,3,1,5,10,20
4042,1,3,3,10,17,34
4043,3,3,2,2,10,20
4044,1,3,1,0,5,10
4045,1,3,3,0,7,14
4046,1,3,3,0,7,14
4047,0,3,3,0,6,12
4048,1,3,3,0,7,14
4049,1,3,3,0,7,14
4050,1,3,3,0,7,14
4051,1,3,3,0,7,14
4052,1,3,3,0,7,14
4053,1,3,3,0,7,14
4054,1,3,3,0,7,14
4055,1,3,3,0,7,14
4056,1,3,3,0,7,14
4057,1,3,3,10,17,34
4058,1,3,3,0,7,14
4059,0,3,3,0,6,12
4060,0,3,3,0,6,12
4061,0,3,3,0,6,12
4062,0,3,3,0,6,12
4063,0,3,3,0,6,12
4064,1,3,3,0,7,14
4065,1,3,3,0,7,14
4066,1,3,3,0,7,14
4067,1,3,3,0,7,14
4068,1,3,3,0,7,14
4069,1,3,3,0,7,14
4070,1,3,3,0,7,14
4071,1,3,3,0,7,14
4072,1,3,3,0,7,14
4073,2,3,3,0,8,16
4074,1,3,3,0,7,14
4075,2,3,3,0,8,16
4076,1,3,3,0,7,14
4077,1,3,3,0,7,14
4078,2,3,3,0,8,16
4079,2,3,3,0,8,16
4080,1,3,3,0,7,14
4081,2,3,3,0,8,16
4082,1,3,1,10,15,30
4083,1,3,1,0,5,10
4084,1,3,1,10,15,30
4085,1,3,1,0,5,10
4086,1,3,1,0,5,10
4087,1,3,1,0,5,10
4088,1,3,4,0,8,16
4089,1,3,4,0,8,16
4090,0,3,3,0,6,12
4091,1,3,3,8,15,30
4092,2,3,0,0,5,10
4093,2,3,0,0,5,10
4094,2,3,0,0,5,10
4095,2,3,0,0,5,10
4096,2,3,1,10,16,32
4097,3,3,1,0,7,14
4098,3,3,1,10,17,34
4099,2,3,0,0,5,10
4100,2,3,4,5,14,28
4101,1,3,1,0,5,10
4102,2,3,1,10,16,32
4103,2,3,3,0,8,16
4104,1,3,3,0,7,14
4105,1,3,3,0,7,14
4106,1,3,3,0,7,14
4107,1,3,3,0,7,14
4108,1,3,3,0,7,14
4109,1,3,3,0,7,14
4110,1,3,3,0,7,14
4111,2,3,3,0,8,16
4112,1,3,3,0,7,14
4113,1,3,3,10,17,34
4114,1,3,3,0,7,14
4115,1,3,3,0,7,14
4116,1,3,3,0,7,14
4117,1,3,3,0,7,14
4118,1,3,3,0,7,14
4119,1,3,3,0,7,14
4120,1,3,3,0,7,14
4121,1,3,3,0,7,14
4122,1,3,3,0,7,14
4123,1,3,4,0,8,16
4124,1,3,3,0,7,14
4125,1,3,3,10,17,34
4126,1,3,3,0,7,14
4127,1,3,0,0,4,8
4128,1,3,1,0,5,10
4129,1,3,3,0,7,14
4130,2,3,3,0,8,16
4131,1,3,3,0,7,14
4132,2,3,3,0,8,16
4133,2,3,3,0,8,16
4134,1,3,3,0,7,14
4135,2,3,3,0,8,16
4136,1,3,3,0,7,14
4137,1,3,3,0,7,14
4138,2,3,3,0,8,16
4139,1,3,3,0,7,14
4140,2,3,3,0,8,16
4141,2,3,3,0,8,16
4142,2,3,3,0,8,16
4143,1,3,3,0,7,14
4144,1,3,3,0,7,14
4145,1,3,3,0,7,14
4146,3,3,1,5,12,24
4147,3,3,1,0,7,14
4148,2,3,1,0,6,12
4149,3,3,1,0,7,14
4150,1,3,0,5,9,18
4151,2,3,0,0,5,10
4152,2,3,0,5,10,20
4153,2,3,0,5,10,20
4154,2,3,0,0,5,10
4155,2,3,0,6,11,22
4156,2,3,0,2,7,14
4157,2,3,0,2,7,14
4158,2,3,0,0,5,10
4159,2,3,1,0,6,12
4160,4,3,1,6,14,28
4161,5,3,1,6,15,30
4162,5,3,1,0,9,18
4163,4,3,1,0,8,16
4164,4,3,2,0,9,18
4165,4,3,2,0,9,18
4166,5,3,2,0,10,20
4167,3,3,2,0,8,16
4168,3,3,2,0,8,16
4169,3,3,2,0,8,16
4170,3,3,2,0,8,16
4171,1,3,3,0,7,14
4172,1,3,3,0,7,14
4173,1,3,3,0,7,14
4174,2,3,3,0,8,16
4175,2,3,3,0,8,16
4176,0,3,3,0,6,12
4177,1,3,3,0,7,14
4178,1,3,3,0,7,14
4179,1,3,3,0,7,14
4180,2,3,3,0,8,16
4181,1,3,3,0,7,14
4182,2,3,3,0,8,16
4183,1,3,3,0,7,14
4184,1,3,3,0,7,14
4185,1,3,3,10,17,34
4186,1,3,3,0,7,14
4187,1,3,3,0,7,14
4188,1,3,3,0,7,14
4189,1,3,3,0,7,14
4190,1,3,3,0,7,14
4191,1,3,3,0,7,14
4192,1,3,3,0,7,14
4193,1,3,3,0,7,14
4194,1,3,3,0,7,14
4195,1,3,3,0,7,14
4196,1,3,4,0,8,16
4197,1,3,4,0,8,16
4198,1,3,4,0,8,16
4199,1,3,4,0,8,16
4200,1,3,4,0,8,16
4201,1,3,4,0,8,16
4202,1,3,4,0,8,16
4203,1,3,4,0,8,16
4204,1,1,3,0,5,10
4205,3,1,0,0,4,8
4206,2,1,0,10,13,26
4207,2,1,3,0,6,12
4208,2,1,3,10,16,32
4209,3,3,3,0,9,18
4210,3,3,3,0,9,18
4211,2,3,3,0,8,16
4212,1,3,3,0,7,14
4213,2,3,3,0,8,16
4214,2,3,3,0,8,16
4215,1,3,3,0,7,14
4216,2,3,3,0,8,16
4217,3,3,3,0,9,18
4218,2,3,3,0,8,16
4219,2,3,3,10,18,36
4220,2,3,3,0,8,16
4221,2,3,3,0,8,16
4222,2,3,4,0,9,18
4223,1,3,4,10,18,36
4224,2,3,4,10,19,38
4225,1,3,4,0,8,16
4226,2,3,4,0,9,18
4227,1,3,4,0,8,16
4228,1,3,4,0,8,16
4229,1,3,4,0,8,16
4230,1,3,4,0,8,16
4231,2,3,1,10,16,32
4232,1,3,3,5,12,24
4233,2,3,3,5,13,26
4234,0,3,3,0,6,12
4235,1,3,3,5,12,24
4236,3,3,3,4,13,26
4237,2,3,3,4,12,24
4238,2,3,3,4,12,24
4239,2,3,3,0,8,16
4240,2,3,3,0,8,16
4241,2,3,3,4,12,24
4242,1,3,3,0,7,14
4243,2,3,1,0,6,12
4244,2,3,1,5,11,22
4245,2,3,3,0,8,16
4246,2,3,3,0,8,16
4247,2,3,3,0,8,16
4248,2,3,2,6,13,26
4249,1,3,2,5,11,22
4250,1,3,3,0,7,14
4251,1,3,3,0,7,14
4252,1,3,3,0,7,14
4253,1,3,2,0,6,12
4254,1,3,2,0,6,12
4255,1,1,3,0,5,10
4256,1,1,0,0,2,4
4257,1,1,0,0,2,4
4258,1,1,3,0,5,10
4259,1,1,3,0,5,10
4260,1,1,3,0,5,10
4261,1,1,3,0,5,10
4262,1,3,3,0,7,14
4263,1,3,3,0,7,14
4264,1,3,3,0,7,14
4265,1,3,3,0,7,14
4266,1,3,3,0,7,14
4267,2,3,3,0,8,16
4268,2,3,3,0,8,16
4269,2,3,3,0,8,16
4270,3,3,3,0,9,18
4271,3,3,3,0,9,18
4272,3,3,3,0,9,18
4273,2,3,3,0,8,16
4274,2,3,3,0,8,16
4275,2,3,3,0,8,16
4276,1,3,3,0,7,14
4277,2,3,3,0,8,16
4278,1,3,3,0,7,14
4279,1,3,3,0,7,14
4280,2,3,4,0,9,18
4281,2,3,1,0,6,12
4282,1,3,1,0,5,10
4283,2,3,3,0,8,16
4284,3,3,0,0,6,12
4285,2,3,0,0,5,10
4286,2,3,0,10,15,30
4287,3,3,0,0,6,12
4288,1,3,3,0,7,14
4289,1,3,3,0,7,14
4290,1,3,3,0,7,14
4291,1,3,3,0,7,14
4292,2,3,3,10,18,36
4293,2,3,3,10,18,36
4294,2,3,3,0,8,16
4295,1,3,4,0,8,16
4296,1,3,3,10,17,34
4297,1,3,3,0,7,14
4298,1,3,3,0,7,14
4299,1,3,3,0,7,14
4300,1,3,3,0,7,14
4301,1,3,3,0,7,14
4302,1,3,3,0,7,14
4303,1,3,3,0,7,14
4304,0,3,3,0,6,12
4305,1,3,3,0,7,14
4306,1,3,3,0,7,14
4307,1,3,3,0,7,14
4308,1,3,3,0,7,14
4309,1,3,3,0,7,14
4310,1,3,3,0,7,14
4311,1,3,3,0,7,14
4312,1,3,3,0,7,14
4313,1,3,3,0,7,14
4314,1,3,3,0,7,14
4315,1,3,3,0,7,14
4316,1,3,3,0,7,14
4317,1,3,3,0,7,14
4318,1,3,3,0,7,14
4319,1,3,3,0,7,14
4320,1,3,3,0,7,14
4321,1,3,4,0,8,16
4322,1,3,3,0,7,14
4323,3,3,1,2,9,18
4324,1,3,3,0,7,14
4325,1,3,3,0,7,14
4326,1,3,3,0,7,14
4327,1,3,3,0,7,14
4328,1,3,3,0,7,14
4329,1,3,4,0,8,16
4330,1,3,4,0,8,16
4331,1,3,4,0,8,16
4332,2,3,4,0,9,18
4333,2,3,4,0,9,18
4334,2,3,4,0,9,18
4335,2,3,4,0,9,18
4336,2,3,4,0,9,18
4337,2,3,4,0,9,18
4338,1,3,3,0,7,14
4339,2,3,3,0,8,16
4340,0,3,3,0,6,12
4341,1,3,3,0,7,14
4342,2,3,3,0,8,16
4343,2,3,3,0,8,16
4344,2,3,3,0,8,16
4345,2,3,3,0,8,16
4346,2,3,3,0,8,16
4347,1,3,3,0,7,14
4348,1,3,3,0,7,14
4349,1,3,4,0,8,16
4350,1,3,4,0,8,16
4351,1,3,4,0,8,16
4352,1,3,4,0,8,16
4353,1,3,4,0,8,16
4354,1,3,3,0,7,14
4355,1,3,3,0,7,14
4356,2,3,2,5,12,24
4357,1,3,3,0,7,14
4358,0,3,3,0,6,12
4359,2,3,3,0,8,16
4360,3,3,0,0,6,12
4361,2,3,0,0,5,10
4362,2,3,0,0,5,10
4363,3,3,0,10,16,32
4364,1,3,2,5,11,22
4365,0,3,3,0,6,12
4366,0,3,3,0,6,12
4367,0,3,3,0,6,12
4368,0,3,3,0,6,12
4369,0,3,3,0,6,12
4370,0,3,3,0,6,12
4371,0,3,3,0,6,12
4372,0,3,3,0,6,12
4373,0,3,3,0,6,12
4374,0,3,3,0,6,12
4375,1,1,3,0,5,10
4376,3,1,0,0,4,8
4377,1,1,3,0,5,10
4378,1,3,3,0,7,14
4379,1,3,3,0,7,14
4380,2,3,3,0,8,16
4381,2,3,3,0,8,16
4382,2,3,3,0,8,16
4383,2,3,3,0,8,16
4384,2,3,3,0,8,16
4385,2,3,3,0,8,16
4386,3,3,3,0,9,18
4387,3,3,3,10,19,38
4388,3,3,3,10,19,38
4389,3,3,3,0,9,18
4390,2,3,3,0,8,16
4391,2,3,3,0,8,16
4392,2,3,3,10,18,36
4393,1,3,4,0,8,16
4394,1,3,3,0,7,14
4395,1,3,3,5,12,24
4396,0,3,3,0,6,12
4397,2,3,3,0,8,16
4398,2,3,3,0,8,16
4399,0,3,3,0,6,12
4400,0,3,3,0,6,12
4401,0,3,3,0,6,12
4402,0,3,3,0,6,12
4403,0,3,3,0,6,12
4404,2,1,3,0,6,12
4405,2,1,3,0,6,12
4406,2,1,0,0,3,6
4407,2,1,0,0,3,6
4408,2,1,0,0,3,6
4409,2,1,0,0,3,6
4410,2,1,3,0,6,12
4411,2,1,0,0,3,6
4412,2,1,0,10,13,26
4413,2,1,4,10,17,34
4414,2,3,3,0,8,16
4415,2,3,3,0,8,16
4416,1,3,3,0,7,14
4417,2,3,3,0,8,16
4418,2,3,3,0,8,16
4419,2,3,3,0,8,16
4420,2,3,3,0,8,16
4421,2,3,3,0,8,16
4422,1,3,3,0,7,14
4423,3,3,1,0,7,14
4424,3,3,1,0,7,14
4425,2,3,1,10,16,32
4426,2,3,1,10,16,32
4427,2,3,1,0,6,12
4428,2,3,1,0,6,12
4429,1,3,1,0,5,10
4430,1,3,1,0,5,10
4431,1,3,1,0,5,10
4432,1,3,1,0,5,10
4433,1,3,1,0,5,10
4434,1,3,1,10,15,30
4435,1,3,2,0,6,12
4436,3,3,0,0,6,12
4437,1,3,0,0,4,8
4438,2,3,0,0,5,10
4439,2,3,1,0,6,12
4440,2,3,4,0,9,18
4441,3,3,4,0,10,20
4442,2,3,4,0,9,18
4443,2,3,4,0,9,18
4444,2,3,4,0,9,18
4445,2,3,4,0,9,18
4446,1,3,1,0,5,10
4447,1,3,1,4,9,18
4448,2,3,3,0,8,16
4449,0,3,0,0,3,6
4450,1,3,6,10,20,40
4451,1,3,3,10,17,34
4452,1,3,3,0,7,14
4453,1,3,3,0,7,14
4454,1,3,3,0,7,14
4455,1,3,3,0,7,14
4456,1,3,3,0,7,14
4457,1,3,3,0,7,14
4458,1,3,3,0,7,14
4459,1,3,3,0,7,14
4460,1,3,3,0,7,14
4461,1,3,4,0,8,16
4462,1,3,4,0,8,16
4463,1,3,4,0,8,16
4464,1,3,4,0,8,16
4465,1,3,4,0,8,16
4466,1,3,3,0,7,14
4467,2,3,3,0,8,16
4468,2,3,3,0,8,16
4469,2,3,4,0,9,18
4470,2,3,4,0,9,18
4471,2,3,4,0,9,18
4472,2,3,4,0,9,18
4473,2,3,4,0,9,18
4474,1,3,4,0,8,16
4475,1,3,3,0,7,14
4476,1,3,3,0,7,14
4477,1,3,3,0,7,14
4478,0,3,3,0,6,12
4479,3,3,3,0,9,18
4480,3,3,3,0,9,18
4481,2,3,3,0,8,16
4482,2,3,3,0,8,16
4483,1,3,3,0,7,14
4484,1,3,3,0,7,14
4485,1,3,3,0,7,14
4486,1,3,3,0,7,14
4487,1,3,3,10,17,34
4488,1,3,3,0,7,14
4489,1,3,3,0,7,14
4490,1,3,3,0,7,14
4491,2,3,3,0,8,16
4492,1,3,3,0,7,14
4493,1,3,3,0,7,14
4494,1,3,3,0,7,14
4495,1,3,3,0,7,14
4496,1,3,3,0,7,14
4497,1,3,3,0,7,14
4498,1,3,3,0,7,14
4499,1,3,4,0,8,16
4500,2,3,3,0,8,16
4501,1,3,3,0,7,14
4502,2,3,3,0,8,16
4503,2,3,3,0,8,16
4504,2,3,3,0,8,16
4505,2,3,3,0,8,16
4506,2,3,3,0,8,16
4507,2,3,1,5,11,22
4508,2,3,1,2,8,16
4509,1,3,3,0,7,14
4510,2,3,3,0,8,16
4511,1,3,3,0,7,14
4512,2,3,1,0,6,12
4513,2,2,1,10,15,30
4514,1,1,3,10,15,30
4515,2,1,3,10,16,32
4516,2,1,3,10,16,32
4517,2,1,3,0,6,12
4518,2,1,0,10,13,26
4519,0,1,0,10,11,22
4520,1,1,0,0,2,4
4521,1,1,3,0,5,10
4522,1,3,3,0,7,14
4523,1,3,3,0,7,14
4524,1,3,3,0,7,14
4525,1,3,3,0,7,14
4526,1,3,3,0,7,14
4527,2,3,3,0,8,16
4528,1,3,3,0,7,14
4529,2,3,3,0,8,16
4530,3,3,0,0,6,12
4531,3,3,0,0,6,12
4532,3,3,0,10,16,32
4533,3,3,0,0,6,12
4534,3,3,0,0,6,12
4535,2,3,4,0,9,18
4536,1,3,4,0,8,16
4537,2,3,4,0,9,18
4538,1,3,4,0,8,16
4539,1,3,4,10,18,36
4540,2,3,4,0,9,18
4541,2,3,2,10,17,34
4542,2,3,2,10,17,34
4543,3,3,2,4,12,24
4544,4,3,1,2,10,20
4545,3,3,1,7,14,28
4546,0,3,1,0,4,8
4547,1,3,1,0,5,10
4548,1,3,1,5,10,20
4549,2,1,3,0,6,12
4550,2,1,3,0,6,12
4551,1,3,3,0,7,14
4552,1,3,3,0,7,14
4553,1,3,3,0,7,14
4554,2,3,3,0,8,16
4555,3,3,3,0,9,18
4556,2,3,3,0,8,16
4557,1,3,3,0,7,14
4558,1,3,3,0,7,14
4559,2,3,3,0,8,16
4560,3,3,3,0,9,18
4561,3,3,3,0,9,18
4562,3,3,3,0,9,18
4563,3,3,3,10,19,38
4564,2,3,3,0,8,16
4565,2,3,4,10,19,38
4566,2,3,4,0,9,18
4567,2,3,2,0,7,14
4568,2,3,2,0,7,14
4569,2,3,2,0,7,14
4570,2,3,2,0,7,14
4571,2,3,2,0,7,14
4572,5,3,2,4,14,28
4573,5,3,2,3,13,26
4574,1,3,1,3,8,16
4575,4,3,1,3,11,22
4576,4,3,1,5,13,26
4577,4,3,1,3,11,22
4578,4,3,1,0,8,16
4579,4,3,1,0,8,16
4580,3,3,1,0,7,14
4581,3,3,1,0,7,14
4582,3,3,1,0,7,14
4583,3,3,1,2,9,18
4584,4,3,1,3,11,22
4585,2,3,1,6,12,24
4586,4,3,1,2,10,20
4587,2,3,1,0,6,12
4588,1,3,0,0,4,8
4589,2,3,1,0,6,12
4590,2,3,3,0,8,16
4591,1,3,3,0,7,14
4592,3,3,0,0,6,12
4593,3,3,0,0,6,12
4594,2,3,0,0,5,10
4595,2,3,0,10,15,30
4596,2,3,0,10,15,30
4597,1,3,3,0,7,14
4598,1,3,4,0,8,16
4599,1,3,4,0,8,16
4600,1,3,3,0,7,14
4601,2,3,3,10,18,36
4602,1,3,3,10,17,34
4603,0,3,3,10,16,32
4604,1,3,3,10,17,34
4605,2,3,3,0,8,16
4606,2,3,3,0,8,16
4607,1,3,3,0,7,14
4608,2,3,3,0,8,16
4609,1,3,3,0,7,14
4610,1,3,3,0,7,14
4611,2,3,3,0,8,16
4612,2,3,3,0,8,16
4613,2,3,3,0,8,16
4614,2,3,3,0,8,16
4615,1,3,3,0,7,14
4616,1,3,3,0,7,14
4617,1,3,3,0,7,14
4618,1,3,3,0,7,14
4619,1,3,3,0,7,14
4620,1,3,3,0,7,14
4621,1,3,3,0,7,14
4622,1,3,3,0,7,14
4623,1,3,3,0,7,14
4624,1,3,4,0,8,16
4625,1,3,4,0,8,16
4626,1,3,4,0,8,16
4627,1,3,4,0,8,16
4628,1,3,4,0,8,16
4629,1,3,4,0,8,16
4630,1,3,3,0,7,14
4631,2,3,3,0,8,16
4632,1,3,3,0,7,14
4633,2,3,3,0,8,16
4634,2,3,3,0,8,16
4635,2,3,3,0,8,16
4636,1,3,3,0,7,14
4637,1,3,3,0,7,14
4638,1,3,3,0,7,14
4639,2,3,3,0,8,16
4640,2,3,3,0,8,16
4641,2,3,3,0,8,16
4642,2,3,3,0,8,16
4643,2,3,3,0,8,16
4644,1,3,3,0,7,14
4645,1,3,4,0,8,16
4646,1,3,3,10,17,34
4647,1,3,3,0,7,14
4648,0,3,3,0,6,12
4649,0,3,3,0,6,12
4650,0,3,3,0,6,12
4651,0,3,3,0,6,12
4652,0,3,3,0,6,12
4653,1,3,3,0,7,14
4654,1,3,3,0,7,14
4655,1,3,3,0,7,14
4656,1,3,3,0,7,14
4657,1,3,3,0,7,14
4658,1,3,3,0,7,14
4659,1,3,3,0,7,14
4660,1,3,3,0,7,14
4661,1,3,3,0,7,14
4662,1,3,3,0,7,14
4663,1,3,3,0,7,14
4664,1,3,3,0,7,14
4665,1,3,4,0,8,16
4666,1,3,4,0,8,16
4667,1,3,4,0,8,16
4668,1,3,4,0,8,16
4669,2,3,4,0,9,18
4670,2,3,3,0,8,16
4671,1,3,3,0,7,14
4672,1,3,2,0,6,12
4673,1,3,2,2,8,16
4674,1,3,2,0,6,12
4675,1,3,2,0,6,12
4676,1,3,1,3,8,16
4677,1,3,1,0,5,10
4678,3,3,1,5,12,24
4679,2,3,1,5,11,22
4680,2,3,1,0,6,12
4681,2,3,1,0,6,12
4682,2,3,1,0,6,12
4683,2,3,0,7,12,24
4684,2,3,1,0,6,12
4685,1,3,1,0,5,10
4686,1,3,1,0,5,10
4687,1,1,3,0,5,10
4688,1,1,3,0,5,10
4689,2,1,3,10,16,32
4690,2,1,3,10,16,32
4691,1,1,3,0,5,10
4692,1,1,3,10,15,30
4693,1,1,3,0,5,10
4694,1,1,3,0,5,10
4695,2,3,3,0,8,16
4696,2,3,3,0,8,16
4697,1,3,3,2,9,18
4698,1,3,3,0,7,14
4699,1,3,3,0,7,14
4700,1,3,3,0,7,14
4701,1,3,3,0,7,14
4702,1,3,3,0,7,14
4703,1,3,3,0,7,14
4704,3,4,0,10,17,34
4705,1,4,3,0,8,16
4706,1,4,3,0,8,16
4707,1,4,3,0,8,16
4708,1,5,3,0,9,18
4709,1,5,3,0,9,18
4710,1,5,3,0,9,18
4711,2,5,3,0,10,20
4712,2,5,3,0,10,20
4713,2,5,3,0,10,20
4714,2,5,3,0,10,20
4715,1,5,3,0,9,18
4716,2,3,3,0,8,16
4717,3,3,1,0,7,14
4718,3,3,3,0,9,18
4719,2,3,3,0,8,16
4720,2,3,3,0,8,16
4721,2,3,4,0,9,18
4722,2,3,4,0,9,18
4723,1,3,1,5,10,20
4724,1,3,3,10,17,34
4725,2,3,0,0,5,10
4726,1,3,4,0,8,16
4727,1,3,1,0,5,10
4728,1,3,3,10,17,34
4729,1,3,3,0,7,14
4730,0,3,3,0,6,12
4731,2,3,3,0,8,16
4732,2,3,3,0,8,16
4733,1,3,4,0,8,16
4734,1,3,3,0,7,14
4735,1,3,2,10,16,32
4736,1,3,1,5,10,20
4737,2,3,1,0,6,12
4738,0,1,3,0,4,8
4739,1,1,3,0,5,10
4740,1,1,3,0,5,10
4741,1,1,3,0,5,10
4742,1,1,3,0,5,10
4743,1,1,3,0,5,10
4744,1,1,3,0,5,10
4745,2,1,3,0,6,12
4746,1,1,3,0,5,10
4747,1,1,3,10,15,30
4748,1,1,3,0,5,10
4749,0,1,3,10,14,28
4750,1,1,3,10,15,30
4751,1,1,0,10,12,24
4752,1,3,3,0,7,14
4753,1,3,3,0,7,14
4754,1,3,3,10,17,34
4755,2,3,3,10,18,36
4756,2,3,3,0,8,16
4757,2,3,3,0,8,16
4758,1,3,3,0,7,14
4759,0,3,3,0,6,12
4760,0,3,3,10,16,32
4761,0,3,3,10,16,32
4762,1,3,3,10,17,34
4763,1,3,3,10,17,34
4764,0,3,3,10,16,32
4765,0,3,3,10,16,32
4766,0,3,3,10,16,32
4767,1,3,3,10,17,34
4768,1,3,3,10,17,34
4769,1,3,3,10,17,34
4770,1,3,3,0,7,14
4771,1,3,3,0,7,14
4772,2,3,3,0,8,16
4773,2,3,3,0,8,16
4774,2,3,3,0,8,16
4775,2,3,3,0,8,16
4776,2,3,3,0,8,16
4777,2,3,3,0,8,16
4778,3,3,3,10,19,38
4779,3,3,0,10,16,32
4780,3,3,0,0,6,12
4781,2,3,0,0,5,10
4782,2,3,3,0,8,16
4783,1,3,3,0,7,14
4784,2,3,3,0,8,16
4785,2,3,3,0,8,16
4786,2,3,3,0,8,16
4787,1,3,3,0,7,14
4788,1,3,3,0,7,14
4789,1,3,3,0,7,14
4790,1,3,4,0,8,16
4791,1,3,4,0,8,16
4792,1,3,1,10,15,30
4793,1,3,1,10,15,30
4794,1,3,1,10,15,30
4795,1,3,1,10,15,30
4796,1,3,3,0,7,14
4797,1,3,3,0,7,14
4798,2,3,3,0,8,16
4799,2,3,3,0,8,16
4800,1,3,3,0,7,14
4801,1,3,3,0,7,14
4802,1,3,3,0,7,14
4803,1,3,3,0,7,14
4804,1,3,3,0,7,14
4805,1,3,3,10,17,34
4806,1,3,3,10,17,34
4807,1,3,3,0,7,14
4808,1,3,3,0,7,14
4809,1,3,3,0,7,14
4810,2,3,3,10,18,36
4811,1,3,3,10,17,34
4812,1,3,3,0,7,14
4813,1,3,3,10,17,34
4814,0,3,3,0,6,12
4815,2,1,0,0,3,6
4816,2,1,0,10,13,26
4817,1,1,3,10,15,30
4818,2,1,3,10,16,32
4819,2,1,0,10,13,26
4820,2,1,1,10,14,28
4821,2,1,1,0,4,8
4822,2,1,1,10,14,28
4823,2,1,0,8,11,22
4824,2,1,0,2,5,10
4825,2,1,0,8,11,22
4826,5,1,1,5,12,24
4827,5,1,1,6,13,26
4828,4,1,1,10,16,32
4829,4,1,1,6,12,24
4830,1,1,1,0,3,6
4831,0,3,3,10,16,32
4832,0,3,3,0,6,12
4833,0,3,3,0,6,12
4834,2,3,3,0,8,16
4835,0,3,3,0,6,12
4836,2,3,3,0,8,16
4837,3,1,0,0,4,8
4838,2,1,0,0,3,6
4839,2,1,0,0,3,6
4840,1,1,3,0,5,10
4841,2,1,3,0,6,12
4842,2,3,3,0,8,16
4843,2,3,3,0,8,16
4844,1,3,3,0,7,14
4845,1,3,3,0,7,14
4846,2,3,3,0,8,16
4847,1,3,3,0,7,14
4848,3,3,3,0,9,18
4849,3,3,3,0,9,18
4850,3,3,3,0,9,18
4851,3,3,3,0,9,18
4852,2,3,3,0,8,16
4853,2,3,3,0,8,16
4854,1,3,3,0,7,14
4855,2,3,3,0,8,16
4856,1,3,4,0,8,16
4857,1,3,4,0,8,16
4858,1,3,4,0,8,16
4859,0,3,3,0,6,12
4860,1,3,3,0,7,14
4861,2,3,0,0,5,10
4862,1,3,1,2,7,14
4863,1,3,3,0,7,14
4864,2,3,3,0,8,16
4865,2,2,3,0,7,14
4866,2,2,1,0,5,10
4867,1,2,4,0,7,14
4868,1,2,3,0,6,12
4869,2,2,3,0,7,14
4870,1,2,3,0,6,12
4871,2,3,3,0,8,16
4872,2,3,3,0,8,16
4873,1,3,3,0,7,14
4874,1,3,3,0,7,14
4875,1,3,3,0,7,14
4876,1,3,3,0,7,14
4877,1,3,3,0,7,14
4878,1,3,3,0,7,14
4879,1,3,3,0,7,14
4880,1,3,3,0,7,14
4881,1,3,3,0,7,14
4882,1,3,3,0,7,14
4883,1,3,4,0,8,16
4884,1,3,4,0,8,16
4885,1,3,4,0,8,16
4886,1,3,4,0,8,16
4887,1,3,3,10,17,34
4888,0,3,3,0,6,12
4889,0,3,3,0,6,12
4890,1,3,3,0,7,14
4891,1,3,3,0,7,14
4892,1,3,3,0,7,14
4893,1,3,3,0,7,14
4894,1,3,3,0,7,14
4895,2,3,3,0,8,16
4896,2,3,3,0,8,16
4897,1,3,4,0,8,16
4898,1,1,3,0,5,10
4899,1,1,0,10,12,24
4900,1,1,3,0,5,10
4901,1,3,3,0,7,14
4902,1,3,3,0,7,14
4903,1,3,3,0,7,14
4904,2,3,3,0,8,16
4905,2,3,3,0,8,16
4906,2,3,3,0,8,16
4907,2,3,3,0,8,16
4908,2,3,3,0,8,16
4909,3,3,1,0,7,14
4910,3,3,3,0,9,18
4911,3,3,3,0,9,18
4912,3,3,3,0,9,18
4913,1,3,3,10,17,34
4914,2,3,3,0,8,16
4915,2,3,3,0,8,16
4916,2,3,4,10,19,38
4917,1,3,4,0,8,16
4918,1,3,4,0,8,16
4919,2,3,4,0,9,18
4920,1,3,1,0,5,10
4921,3,3,0,0,6,12
4922,2,3,0,5,10,20
4923,1,3,1,10,15,30
4924,0,3,0,10,13,26
4925,0,3,3,0,6,12
4926,0,4,3,0,7,14
4927,0,4,3,0,7,14
4928,0,4,3,0,7,14
4929,0,4,3,0,7,14
4930,0,4,3,0,7,14
4931,2,4,3,0,9,18
4932,1,4,3,0,8,16
4933,1,4,3,0,8,16
4934,1,4,3,0,8,16
4935,1,4,3,0,8,16
4936,1,4,3,0,8,16
4937,1,4,3,0,8,16
4938,1,4,3,0,8,16
4939,1,4,3,0,8,16
4940,1,4,3,0,8,16
4941,1,3,3,0,7,14
4942,1,3,3,0,7,14
4943,1,3,3,0,7,14
4944,1,3,3,0,7,14
4945,0,3,3,0,6,12
4946,1,3,3,0,7,14
4947,2,3,3,0,8,16
4948,2,3,3,0,8,16
4949,2,3,3,0,8,16
4950,1,3,3,0,7,14
4951,1,3,3,0,7,14
4952,1,3,3,0,7,14
4953,1,3,3,0,7,14
4954,1,3,3,0,7,14
4955,1,3,3,0,7,14
4956,1,3,3,0,7,14
4957,1,3,3,0,7,14
4958,1,3,3,0,7,14
4959,1,3,3,0,7,14
4960,1,3,3,0,7,14
4961,0,3,3,0,6,12
4962,0,3,3,0,6,12
4963,0,3,3,0,6,12
4964,0,3,3,0,6,12
4965,1,3,3,0,7,14
4966,2,3,3,0,8,16
4967,1,3,3,0,7,14
4968,1,3,3,0,7,14
4969,1,3,3,0,7,14
4970,1,3,3,0,7,14
4971,1,3,3,0,7,14
4972,1,3,3,0,7,14
4973,1,3,3,0,7,14
4974,1,3,3,0,7,14
4975,1,3,3,0,7,14
4976,1,3,4,0,8,16
4977,1,3,3,0,7,14
4978,2,3,3,0,8,16
4979,3,1,0,0,4,8
4980,1,1,0,5,7,14
4981,1,1,3,0,5,10
4982,1,1,3,0,5,10
4983,1,3,3,0,7,14
4984,1,3,3,0,7,14
4985,1,3,3,0,7,14
4986,2,3,3,0,8,16
4987,2,3,3,0,8,16
4988,2,3,3,0,8,16
4989,2,3,3,0,8,16
4990,1,3,3,0,7,14
4991,2,3,3,0,8,16
4992,3,3,3,0,9,18
4993,3,3,3,0,9,18
4994,2,3,3,10,18,36
4995,3,3,3,10,19,38
4996,2,3,3,0,8,16
4997,2,3,3,0,8,16
4998,2,3,4,0,9,18
4999,1,3,4,0,8,16
5000,1,3,4,0,8,16
5001,2,3,2,0,7,14
5002,1,3,2,0,6,12
5003,3,3,1,0,7,14
5004,5,3,1,0,9,18
5005,1,3,1,5,10,20
5006,1,3,2,0,6,12
5007,2,3,3,0,8,16
5008,2,3,3,0,8,16
5009,1,3,3,0,7,14
5010,2,3,3,0,8,16
5011,1,3,3,0,7,14
5012,1,3,1,0,5,10
5013,2,3,1,0,6,12
5014,2,3,3,10,18,36
5015,1,3,3,10,17,34
5016,1,3,3,10,17,34
5017,1,3,3,10,17,34
5018,1,3,3,10,17,34
5019,1,3,3,10,17,34
5020,1,3,3,0,7,14
5021,1,3,4,0,8,16
5022,1,3,3,0,7,14
5023,1,3,3,0,7,14
5024,1,3,3,0,7,14
5025,1,3,3,0,7,14
5026,1,3,3,0,7,14
5027,2,3,3,0,8,16
5028,2,3,3,0,8,16
5029,1,3,3,0,7,14
5030,1,3,3,0,7,14
5031,1,3,3,0,7,14
5032,2,3,3,10,18,36
5033,2,3,3,0,8,16
5034,1,3,3,0,7,14
5035,1,3,3,0,7,14
5036,1,3,3,0,7,14
5037,1,3,3,0,7,14
5038,2,3,3,0,8,16
5039,2,3,1,4,10,20
5040,2,3,0,10,15,30
5041,1,3,0,10,14,28
5042,1,3,3,0,7,14
5043,0,3,3,0,6,12
5044,1,3,3,0,7,14
5045,2,3,3,0,8,16
5046,2,3,3,0,8,16
5047,2,3,1,0,6,12
5048,3,3,2,0,8,16
5049,1,3,3,0,7,14
5050,1,3,1,0,5,10
5051,4,3,1,0,8,16
5052,0,3,1,0,4,8
5053,2,3,1,0,6,12
5054,3,3,1,5,12,24
5055,2,3,1,5,11,22
5056,3,3,3,0,9,18
5057,3,3,3,4,13,26
5058,3,3,3,0,9,18
5059,2,3,0,5,10,20
5060,2,3,1,5,11,22
5061,3,3,1,5,12,24
5062,3,3,1,0,7,14
5063,3,3,1,0,7,14
5064,2,3,0,0,5,10
5065,2,3,0,0,5,10
5066,2,3,0,0,5,10
5067,1,3,0,5,9,18
5068,1,3,3,0,7,14
5069,1,3,3,0,7,14
5070,1,3,3,0,7,14
5071,1,3,3,0,7,14
5072,1,3,3,0,7,14
5073,2,3,0,0,5,10
5074,1,3,0,0,4,8
5075,2,3,3,10,18,36
5076,2,3,3,10,18,36
5077,1,3,0,0,4,8
5078,2,1,0,10,13,26
5079,1,1,3,0,5,10
5080,2,1,3,0,6,12
5081,2,1,3,10,16,32
5082,1,1,3,10,15,30
5083,1,1,3,0,5,10
5084,1,1,3,0,5,10
5085,0,1,0,10,11,22
5086,3,3,1,10,17,34
5087,2,3,1,4,10,20
5088,2,3,1,6,12,24
5089,2,3,1,0,6,12
5090,2,3,1,0,6,12
5091,2,3,1,7,13,26
5092,2,3,1,5,11,22
5093,2,3,1,5,11,22
5094,2,3,2,5,12,24
5095,2,3,3,2,10,20
5096,1,3,2,2,8,16
5097,1,3,1,3,8,16
5098,0,3,1,0,4,8
5099,0,3,1,0,4,8
5100,1,3,1,5,10,20
5101,3,1,0,10,14,28
5102,1,1,3,10,15,30
5103,1,1,0,10,12,24
5104,1,1,3,0,5,10
5105,1,1,3,0,5,10
5106,1,3,3,0,7,14
5107,1,3,3,0,7,14
5108,2,3,3,0,8,16
5109,2,3,3,0,8,16
5110,2,3,3,0,8,16
5111,2,3,3,0,8,16
5112,2,3,3,0,8,16
5113,1,3,3,0,7,14
5114,2,3,3,0,8,16
5115,3,3,3,0,9,18
5116,3,3,3,0,9,18
5117,3,3,3,0,9,18
5118,2,3,3,0,8,16
5119,2,3,3,0,8,16
5120,2,3,3,0,8,16
5121,1,3,4,0,8,16
5122,2,3,4,0,9,18
5123,1,3,4,0,8,16
5124,1,3,4,0,8,16
5125,1,3,1,5,10,20
5126,1,3,2,5,11,22
5127,0,3,2,2,7,14
5128,2,3,3,0,8,16
5129,0,3,3,0,6,12
5130,2,3,3,0,8,16
5131,2,3,3,0,8,16
5132,1,3,3,0,7,14
5133,1,3,3,0,7,14
5134,2,3,3,0,8,16
5135,2,3,3,0,8,16
5136,1,3,3,0,7,14
5137,2,3,3,0,8,16
5138,2,3,3,0,8,16
5139,2,3,3,0,8,16
5140,2,3,3,0,8,16
5141,2,3,3,10,18,36
5142,1,3,3,0,7,14
5143,1,3,4,0,8,16
5144,1,3,4,0,8,16
5145,1,3,4,0,8,16
5146,1,3,4,10,18,36
5147,1,3,4,0,8,16
5148,1,3,4,0,8,16
5149,1,3,4,0,8,16
5150,1,3,1,0,5,10
5151,1,3,2,0,6,12
5152,1,3,2,5,11,22
5153,1,3,3,0,7,14
5154,2,3,0,10,15,30
5155,2,3,1,10,16,32
5156,2,3,1,10,16,32
5157,2,3,4,10,19,38
5158,2,3,4,10,19,38
5159,3,3,3,10,19,38
5160,2,3,3,0,8,16
5161,2,3,1,4,10,20
5162,2,3,1,0,6,12
5163,2,3,1,5,11,22
5164,1,3,1,0,5,10
5165,1,3,4,5,13,26
5166,1,3,3,10,17,34
5167,2,3,3,5,13,26
5168,1,3,3,0,7,14
5169,1,3,3,0,7,14
5170,1,3,3,0,7,14
5171,1,3,3,0,7,14
5172,1,3,3,0,7,14
5173,1,3,3,0,7,14
5174,1,3,3,0,7,14
5175,1,3,3,0,7,14
5176,1,3,3,0,7,14
5177,1,3,3,0,7,14
5178,0,3,3,0,6,12
5179,0,3,3,0,6,12
5180,0,3,3,0,6,12
5181,0,3,3,0,6,12
5182,2,3,3,0,8,16
5183,2,3,3,0,8,16
5184,2,3,3,0,8,16
5185,2,3,3,0,8,16
5186,0,3,3,0,6,12
5187,0,3,3,0,6,12
5188,0,3,3,0,6,12
5189,0,3,3,0,6,12
5190,0,3,3,0,6,12
5191,0,3,3,0,6,12
5192,0,3,3,0,6,12
5193,0,3,3,0,6,12
5194,0,3,3,0,6,12
5195,1,1,3,0,5,10
5196,2,1,3,10,16,32
5197,2,1,3,10,16,32
5198,2,1,3,0,6,12
5199,3,1,3,0,7,14
5200,2,1,0,0,3,6
5201,2,1,3,10,16,32
5202,1,3,3,0,7,14
5203,1,3,3,0,7,14
5204,1,3,3,0,7,14
5205,1,3,3,0,7,14
5206,1,3,3,0,7,14
5207,1,3,4,0,8,16
5208,1,3,4,0,8,16
5209,1,3,4,0,8,16
5210,1,3,3,0,7,14
5211,2,3,3,0,8,16
5212,2,3,3,0,8,16
5213,2,3,3,0,8,16
5214,2,3,3,0,8,16
5215,2,3,3,0,8,16
5216,2,3,3,0,8,16
5217,1,3,3,0,7,14
5218,2,3,3,0,8,16
5219,2,3,3,0,8,16
5220,1,3,3,0,7,14
5221,1,3,3,10,17,34
5222,0,3,3,0,6,12
5223,0,3,3,0,6,12
5224,0,3,3,0,6,12
5225,0,3,3,0,6,12
5226,0,3,3,0,6,12
5227,0,3,3,0,6,12
5228,0,3,3,10,16,32
5229,0,3,3,0,6,12
5230,0,3,3,0,6,12
5231,0,3,3,0,6,12
5232,0,3,3,0,6,12
5233,1,3,3,0,7,14
5234,2,3,0,0,5,10
5235,1,3,3,0,7,14
5236,1,3,3,0,7,14
5237,1,3,3,0,7,14
5238,1,3,3,0,7,14
5239,1,3,4,0,8,16
5240,1,3,4,0,8,16
5241,1,3,4,0,8,16
5242,1,3,4,0,8,16
5243,1,3,4,0,8,16
5244,1,3,4,0,8,16
5245,1,3,4,0,8,16
5246,1,3,4,0,8,16
5247,1,3,3,0,7,14
5248,0,3,3,0,6,12
5249,0,3,3,0,6,12
5250,2,3,3,0,8,16
5251,1,3,3,0,7,14
5252,1,3,3,0,7,14
5253,1,3,3,0,7,14
5254,1,3,3,10,17,34
5255,2,3,3,0,8,16
5256,1,3,3,10,17,34
5257,2,3,4,0,9,18
5258,0,3,3,0,6,12
5259,0,3,3,0,6,12
5260,0,3,3,0,6,12
5261,1,3,3,0,7,14
5262,2,3,3,0,8,16
5263,1,3,3,0,7,14
5264,1,3,3,0,7,14
5265,0,3,3,0,6,12
5266,0,3,0,10,13,26
5267,1,1,0,5,7,14
5268,2,1,0,0,3,6
5269,2,1,1,0,4,8
5270,1,1,3,0,5,10
5271,3,1,3,0,7,14
5272,3,1,0,0,4,8
5273,3,1,0,0,4,8
5274,2,1,3,10,16,32
5275,1,1,3,10,15,30
5276,2,1,4,10,17,34
5277,1,1,4,10,16,32
5278,2,1,3,0,6,12
5279,2,1,3,0,6,12
5280,1,1,3,0,5,10
5281,2,1,3,0,6,12
5282,2,1,4,0,7,14
5283,2,1,4,10,17,34
5284,1,1,4,10,16,32
5285,2,1,4,10,17,34
5286,3,3,1,0,7,14
5287,1,3,1,0,5,10
5288,1,3,1,0,5,10
5289,4,3,2,0,9,18
5290,4,3,1,0,8,16
5291,4,3,1,0,8,16
5292,3,3,1,3,10,20
5293,4,3,2,0,9,18
5294,3,3,2,0,8,16
5295,3,3,1,3,10,20
5296,5,3,1,0,9,18
5297,4,3,1,0,8,16
5298,4,3,1,0,8,16
5299,1,3,1,0,5,10
5300,0,3,3,0,6,12
5301,1,3,3,0,7,14
5302,1,3,3,0,7,14
5303,1,3,3,0,7,14
5304,1,3,3,0,7,14
5305,1,3,3,0,7,14
5306,1,3,3,0,7,14
5307,1,3,3,0,7,14
5308,2,3,3,0,8,16
5309,2,3,3,10,18,36
5310,1,3,3,0,7,14
5311,2,3,3,0,8,16
5312,2,3,3,0,8,16
5313,1,3,3,0,7,14
5314,1,3,3,0,7,14
5315,1,3,3,0,7,14
5316,1,3,3,0,7,14
5317,1,3,3,0,7,14
5318,1,3,3,0,7,14
5319,1,3,4,0,8,16
5320,1,3,4,0,8,16
5321,1,3,4,0,8,16
5322,1,3,4,0,8,16
5323,1,3,4,0,8,16
5324,1,3,4,0,8,16
5325,1,3,4,0,8,16
5326,1,2,4,0,7,14
5327,1,2,4,0,7,14
5328,1,2,4,0,7,14
5329,1,2,4,0,7,14
5330,1,2,4,0,7,14
5331,1,2,4,0,7,14
5332,1,2,4,0,7,14
5333,1,2,4,0,7,14
5334,1,3,4,0,8,16
5335,1,3,4,0,8,16
5336,2,3,4,0,9,18
5337,2,3,4,0,9,18
5338,2,3,4,0,9,18
5339,2,3,4,0,9,18
5340,2,3,4,0,9,18
5341,2,3,4,0,9,18
5342,1,3,4,0,8,16
5343,3,3,4,0,10,20
5344,0,3,3,0,6,12
5345,1,3,3,0,7,14
5346,1,3,3,0,7,14
5347,2,3,0,0,5,10
5348,1,3,0,10,14,28
5349,1,3,3,0,7,14
5350,1,3,0,0,4,8
5351,1,3,0,10,14,28
5352,1,3,0,0,4,8
5353,1,3,0,0,4,8
5354,1,3,3,0,7,14
5355,2,3,0,0,5,10
5356,3,3,0,0,6,12
5357,1,1,3,0,5,10
5358,1,1,3,0,5,10
5359,2,1,0,10,13,26
5360,1,1,3,10,15,30
5361,2,1,3,10,16,32
5362,1,1,4,10,16,32
5363,2,1,3,0,6,12
5364,1,3,3,0,7,14
5365,2,3,3,0,8,16
5366,2,3,3,0,8,16
5367,2,3,3,0,8,16
5368,2,3,3,0,8,16
5369,3,3,3,0,9,18
5370,2,3,3,0,8,16
5371,3,3,3,0,9,18
5372,1,3,3,0,7,14
5373,1,3,3,0,7,14
5374,2,3,3,0,8,16
5375,1,3,3,0,7,14
5376,1,3,4,0,8,16
5377,1,3,4,0,8,16
5378,1,3,4,0,8,16
5379,1,3,4,0,8,16
5380,1,3,4,0,8,16
5381,1,3,3,0,7,14
5382,2,3,3,0,8,16
5383,1,3,3,0,7,14
5384,2,3,3,0,8,16
5385,1,3,3,0,7,14
5386,2,3,3,0,8,16
5387,2,3,4,0,9,18
5388,2,3,4,0,9,18
5389,2,3,4,0,9,18
5390,1,3,2,0,6,12
5391,1,3,4,0,8,16
5392,1,3,0,10,14,28
5393,3,3,0,10,16,32
5394,2,3,0,10,15,30
5395,2,3,0,10,15,30
5396,1,3,0,10,14,28
5397,1,3,3,0,7,14
5398,1,3,3,0,7,14
5399,1,3,3,0,7,14
5400,1,3,3,0,7,14
5401,1,3,3,0,7,14
5402,1,3,3,0,7,14
5403,1,3,3,0,7,14
5404,1,3,4,0,8,16
5405,1,3,3,10,17,34
5406,0,3,3,10,16,32
5407,0,3,1,10,14,28
5408,1,3,1,2,7,14
5409,0,3,3,0,6,12
5410,0,3,1,2,6,12
5411,0,3,1,2,6,12
5412,0,3,1,2,6,12
5413,0,3,1,2,6,12
5414,0,3,1,2,6,12
5415,0,3,3,0,6,12
5416,0,3,3,0,6,12
5417,0,3,3,0,6,12
5418,0,3,1,2,6,12
5419,0,3,1,2,6,12
5420,0,3,1,2,6,12
5421,0,3,1,2,6,12
5422,0,3,1,2,6,12
5423,0,3,1,2,6,12
5424,0,3,1,2,6,12
5425,0,3,1,2,6,12
5426,0,3,1,2,6,12
5427,0,3,1,2,6,12
5428,0,3,1,2,6,12
5429,0,3,3,0,6,12
5430,0,3,3,0,6,12
5431,0,3,3,0,6,12
5432,0,3,3,0,6,12
5433,0,3,3,0,6,12
5434,0,3,3,0,6,12
5435,0,3,3,0,6,12
5436,0,3,1,2,6,12
5437,0,3,3,0,6,12
5438,0,3,3,0,6,12
5439,0,3,3,0,6,12
5440,0,3,3,0,6,12
5441,0,3,3,0,6,12
5442,0,3,1,2,6,12
5443,0,3,1,2,6,12
5444,0,3,3,0,6,12
5445,1,3,3,0,7,14
5446,1,3,3,0,7,14
5447,2,3,3,0,8,16
5448,2,3,3,0,8,16
5449,1,3,3,0,7,14
5450,2,3,3,0,8,16
5451,2,3,3,0,8,16
5452,1,3,3,0,7,14
5453,1,3,3,0,7,14
5454,2,3,3,0,8,16
5455,2,3,3,0,8,16
5456,2,3,3,0,8,16
5457,2,3,3,0,8,16
5458,2,3,3,0,8,16
5459,2,3,3,0,8,16
5460,1,3,3,0,7,14
5461,1,3,3,0,7,14
5462,1,3,3,0,7,14
5463,1,3,3,0,7,14
5464,1,3,4,0,8,16
5465,1,3,4,0,8,16
5466,1,3,4,0,8,16
5467,1,3,4,0,8,16
5468,1,3,4,0,8,16
5469,1,3,3,10,17,34
5470,0,3,3,10,16,32
5471,0,3,3,0,6,12
5472,1,3,3,0,7,14
5473,1,3,3,0,7,14
5474,1,3,3,0,7,14
5475,1,3,3,0,7,14
5476,1,3,3,0,7,14
5477,2,3,3,0,8,16
5478,2,3,3,0,8,16
5479,1,3,3,0,7,14
5480,1,3,3,0,7,14
5481,1,3,3,0,7,14
5482,0,3,3,10,16,32
5483,0,3,3,0,6,12
5484,2,2,3,0,7,14
5485,3,2,3,10,18,36
5486,1,2,3,10,16,32
5487,1,2,3,0,6,12
5488,1,2,3,0,6,12
5489,1,2,3,0,6,12
5490,1,2,3,0,6,12
5491,2,2,3,0,7,14
5492,2,2,3,10,17,34
5493,1,2,3,0,6,12
5494,1,2,3,0,6,12
5495,1,2,4,0,7,14
5496,2,2,3,0,7,14
5497,0,2,3,0,5,10
5498,1,2,3,0,6,12
5499,1,2,3,0,6,12
5500,1,2,3,0,6,12
5501,1,2,3,0,6,12
5502,1,3,4,0,8,16
5503,2,1,1,0,4,8
5504,2,1,1,0,4,8
5505,1,1,4,0,6,12
5506,0,1,3,0,4,8
5507,2,1,0,0,3,6
5508,2,1,0,0,3,6
5509,2,1,1,10,14,28
5510,2,1,1,10,14,28
5511,2,1,4,10,17,34
5512,2,1,4,10,17,34
5513,2,1,1,10,14,28
5514,2,3,1,0,6,12
5515,2,3,1,0,6,12
5516,2,3,1,0,6,12
5517,2,3,1,0,6,12
5518,2,3,1,0,6,12
5519,2,3,1,10,16,32
5520,2,3,1,10,16,32
5521,2,3,1,0,6,12
5522,2,3,2,0,7,14
5523,1,3,1,5,10,20
5524,1,3,1,5,10,20
5525,1,3,1,5,10,20
5526,0,3,3,0,6,12
5527,3,3,3,0,9,18
5528,1,3,3,0,7,14
5529,1,3,1,0,5,10
5530,1,3,3,0,7,14
5531,2,3,3,0,8,16
5532,3,3,3,0,9,18
5533,2,3,1,4,10,20
5534,2,3,1,0,6,12
5535,2,3,1,5,11,22
5536,2,3,1,5,11,22
5537,2,3,1,5,11,22
5538,2,3,1,5,11,22
5539,4,3,1,5,13,26
5540,4,3,1,1,9,18
5541,2,3,1,5,11,22
5542,2,3,1,0,6,12
5543,1,3,3,0,7,14
5544,1,3,3,0,7,14
5545,2,3,3,0,8,16
5546,1,3,3,0,7,14
5547,1,3,3,0,7,14
5548,1,3,3,0,7,14
5549,2,3,3,0,8,16
5550,1,3,3,0,7,14
5551,2,3,3,0,8,16
5552,2,3,3,0,8,16
5553,1,3,3,0,7,14
5554,1,3,3,0,7,14
5555,1,3,3,0,7,14
5556,1,3,3,0,7,14
5557,1,3,3,0,7,14
5558,1,3,3,0,7,14
5559,1,3,3,0,7,14
5560,1,3,3,0,7,14
5561,1,3,4,0,8,16
5562,1,3,4,0,8,16
5563,1,3,4,0,8,16
5564,1,3,4,0,8,16
5565,1,3,4,0,8,16
5566,1,3,4,0,8,16
5567,1,3,4,0,8,16
5568,2,3,3,0,8,16
5569,1,3,3,0,7,14
5570,0,3,3,0,6,12
5571,0,3,3,0,6,12
5572,0,3,3,0,6,12
5573,0,3,3,0,6,12
5574,0,3,3,0,6,12
5575,0,3,3,0,6,12
5576,0,3,3,0,6,12
5577,0,3,3,0,6,12
5578,0,3,3,0,6,12
5579,0,3,3,0,6,12
5580,0,3,3,0,6,12
5581,0,3,3,0,6,12
5582,0,3,3,0,6,12
5583,0,3,3,0,6,12
5584,2,3,3,0,8,16
5585,1,3,3,0,7,14
5586,1,3,3,0,7,14
5587,1,3,3,0,7,14
5588,1,3,3,0,7,14
5589,2,3,3,0,8,16
5590,1,3,3,0,7,14
5591,1,3,3,0,7,14
5592,2,3,3,0,8,16
5593,2,3,3,0,8,16
5594,1,3,3,0,7,14
5595,1,3,4,0,8,16
5596,1,3,4,0,8,16
5597,1,3,4,0,8,16
5598,1,3,4,0,8,16
5599,1,3,4,0,8,16
5600,1,3,4,0,8,16
5601,1,3,4,0,8,16
5602,1,3,1,0,5,10
5603,1,3,3,0,7,14
5604,1,3,2,5,11,22
5605,1,3,1,0,5,10
5606,3,3,1,0,7,14
5607,3,3,1,0,7,14
5608,1,1,3,10,15,30
5609,2,1,3,10,16,32
5610,2,1,4,10,17,34
5611,2,1,3,0,6,12
5612,3,1,3,0,7,14
5613,3,1,0,0,4,8
5614,2,1,3,0,6,12
5615,3,1,3,0,7,14
5616,3,1,3,0,7,14
5617,2,1,3,0,6,12
5618,2,1,3,0,6,12
5619,2,1,0,0,3,6
5620,2,3,1,0,6,12
5621,2,3,1,0,6,12
5622,2,3,1,0,6,12
5623,2,3,1,0,6,12
5624,1,3,2,5,11,22
5625,1,3,3,10,17,34
5626,2,3,1,0,6,12
5627,2,3,1,5,11,22
5628,2,3,1,0,6,12
5629,3,3,1,5,12,24
5630,2,3,1,5,11,22
5631,1,3,1,5,10,20
5632,2,3,1,0,6,12
5633,2,3,1,3,9,18
5634,2,3,1,0,6,12
5635,2,3,1,3,9,18
5636,2,3,1,4,10,20
5637,3,3,1,0,7,14
5638,1,3,1,10,15,30
5639,1,3,3,0,7,14
5640,1,3,1,4,9,18
5641,1,3,1,5,10,20
5642,3,1,0,10,14,28
5643,1,1,3,0,5,10
5644,1,3,3,0,7,14
5645,1,3,3,0,7,14
5646,1,3,3,0,7,14
5647,1,3,3,0,7,14
5648,1,3,3,0,7,14
5649,2,3,3,0,8,16
5650,2,3,3,0,8,16
5651,2,3,3,0,8,16
5652,3,3,3,0,9,18
5653,3,3,3,0,9,18
5654,3,3,3,0,9,18
5655,2,3,3,0,8,16
5656,2,3,3,0,8,16
5657,2,3,3,0,8,16
5658,1,3,3,0,7,14
5659,2,3,3,0,8,16
5660,2,3,4,0,9,18
5661,1,3,4,10,18,36
5662,2,3,1,0,6,12
5663,1,3,2,5,11,22
5664,3,3,1,8,15,30
5665,0,3,3,5,11,22
5666,1,1,6,10,18,36
5667,1,3,3,0,7,14
5668,1,3,3,0,7,14
5669,1,3,3,0,7,14
5670,3,3,3,0,9,18
5671,3,3,3,0,9,18
5672,2,3,3,0,8,16
5673,1,3,3,0,7,14
5674,2,3,3,0,8,16
5675,3,3,3,0,9,18
5676,2,3,3,0,8,16
5677,3,3,3,0,9,18
5678,2,3,4,10,19,38
5679,1,3,4,0,8,16
5680,2,3,4,0,9,18
5681,2,3,4,0,9,18
5682,1,3,4,10,18,36
5683,1,3,1,0,5,10
5684,2,3,1,10,16,32
5685,1,3,1,10,15,30
5686,1,3,1,10,15,30
5687,1,3,1,0,5,10
5688,1,3,2,0,6,12
5689,2,3,1,5,11,22
5690,2,3,2,5,12,24
5691,1,3,2,0,6,12
5692,3,3,2,0,8,16
5693,1,3,3,0,7,14
5694,0,3,1,2,6,12
5695,2,3,1,0,6,12
5696,1,3,4,0,8,16
5697,1,3,4,0,8,16
5698,1,3,4,0,8,16
5699,1,3,3,0,7,14
5700,1,3,3,0,7,14
5701,1,3,3,0,7,14
5702,2,3,3,0,8,16
5703,2,3,3,0,8,16
5704,1,3,0,0,4,8
5705,1,3,0,0,4,8
5706,2,3,0,0,5,10
5707,1,3,0,0,4,8
5708,1,3,3,0,7,14
5709,1,3,0,0,4,8
5710,2,3,2,0,7,14
5711,5,3,1,0,9,18
5712,3,3,1,1,8,16
5713,1,1,3,0,5,10
5714,1,1,3,0,5,10
5715,1,1,3,0,5,10
5716,2,1,3,0,6,12
5717,3,1,3,0,7,14
5718,2,1,4,0,7,14
5719,2,1,3,10,16,32
5720,3,1,3,10,17,34
5721,2,1,3,0,6,12
5722,2,1,3,0,6,12
5723,2,1,3,0,6,12
5724,2,1,3,0,6,12
5725,2,3,1,0,6,12
5726,2,3,1,0,6,12
5727,1,1,1,0,3,6
5728,0,1,3,0,4,8
5729,0,1,3,0,4,8
5730,0,1,3,0,4,8
5731,0,1,3,0,4,8
5732,0,1,3,0,4,8
5733,0,1,3,0,4,8
5734,0,1,3,0,4,8
5735,0,1,3,0,4,8
5736,0,1,3,0,4,8
5737,0,1,3,0,4,8
5738,0,1,3,0,4,8
5739,0,1,3,0,4,8
5740,0,1,3,0,4,8
5741,0,1,3,0,4,8
5742,0,1,3,0,4,8
5743,0,1,3,0,4,8
5744,0,1,3,0,4,8
5745,0,1,3,0,4,8
5746,0,1,3,0,4,8
5747,0,1,3,0,4,8
5748,0,1,3,0,4,8
5749,0,1,3,0,4,8
5750,0,1,3,0,4,8
5751,0,1,3,0,4,8
5752,0,1,3,0,4,8
5753,0,2,3,0,5,10
5754,0,2,3,0,5,10
5755,0,2,3,0,5,10
5756,0,2,3,0,5,10
5757,0,2,3,0,5,10
5758,0,2,3,0,5,10
5759,0,2,3,0,5,10
5760,0,2,3,0,5,10
5761,0,2,3,0,5,10
5762,0,2,3,0,5,10
5763,0,2,3,0,5,10
5764,0,2,3,0,5,10
5765,0,2,3,0,5,10
5766,0,2,3,0,5,10
5767,0,2,3,0,5,10
5768,0,2,3,0,5,10
5769,0,2,3,0,5,10
5770,0,2,3,0,5,10
5771,0,2,3,0,5,10
5772,0,2,3,0,5,10
5773,0,2,3,0,5,10
5774,0,3,3,0,6,12
5775,0,3,3,0,6,12
5776,0,3,3,0,6,12
5777,0,3,3,0,6,12
5778,0,3,3,0,6,12
5779,0,3,3,0,6,12
5780,0,3,3,0,6,12
5781,0,3,3,0,6,12
5782,2,1,3,0,6,12
5783,2,1,0,0,3,6
5784,1,1,0,0,2,4
5785,1,1,3,0,5,10
5786,1,1,3,0,5,10
5787,1,1,3,0,5,10
5788,2,1,3,0,6,12
5789,3,1,0,5,9,18
5790,3,1,1,5,10,20
5791,3,1,2,5,11,22
5792,2,1,3,0,6,12
5793,2,1,2,0,5,10
5794,3,1,1,0,5,10
5795,3,1,1,0,5,10
5796,3,1,3,10,17,34
5797,3,1,1,5,10,20
5798,3,1,3,10,17,34
5799,3,1,3,10,17,34
5800,1,1,3,0,5,10
5801,2,1,3,0,6,12
5802,2,1,3,0,6,12
5803,1,1,3,0,5,10
5804,2,1,3,0,6,12
5805,1,1,3,0,5,10
5806,1,1,3,0,5,10
5807,1,1,3,0,5,10
5808,1,1,3,0,5,10
5809,1,1,4,0,6,12
5810,1,1,4,0,6,12
5811,1,1,4,0,6,12
5812,1,1,4,0,6,12
5813,1,1,4,0,6,12
5814,1,1,4,0,6,12
5815,1,1,4,0,6,12
5816,1,1,4,0,6,12
5817,1,1,4,0,6,12
5818,1,1,4,0,6,12
5819,1,1,4,0,6,12
5820,1,1,4,0,6,12
5821,1,1,4,0,6,12
5822,1,1,4,0,6,12
5823,1,1,4,0,6,12
5824,1,1,4,0,6,12
5825,1,1,4,0,6,12
5826,1,1,4,0,6,12
5827,1,1,4,0,6,12
5828,1,1,4,0,6,12
5829,1,1,4,0,6,12
5830,2,1,4,0,7,14
5831,2,1,4,0,7,14
5832,2,1,4,0,7,14
5833,2,1,4,0,7,14
5834,2,1,4,0,7,14
5835,2,1,4,0,7,14
5836,2,1,4,0,7,14
5837,2,1,4,0,7,14
5838,2,1,4,10,17,34
5839,2,1,4,10,17,34
5840,2,1,4,0,7,14
5841,2,1,4,0,7,14
5842,2,1,4,0,7,14
5843,2,1,4,0,7,14
5844,2,1,4,0,7,14
5845,3,1,4,0,8,16
5846,3,1,4,0,8,16
5847,3,1,4,0,8,16
5848,1,1,4,0,6,12
5849,2,1,4,0,7,14
5850,2,1,4,0,7,14
5851,1,1,3,0,5,10
5852,1,1,3,0,5,10
5853,0,1,3,10,14,28
5854,0,1,3,0,4,8
5855,0,1,3,0,4,8
5856,0,1,3,0,4,8
5857,0,1,3,0,4,8
5858,0,1,3,0,4,8
5859,0,1,3,0,4,8
5860,0,1,3,0,4,8
5861,0,1,3,0,4,8
5862,0,1,3,0,4,8
5863,0,1,3,0,4,8
5864,2,1,3,0,6,12
5865,1,1,3,0,5,10
5866,1,1,3,0,5,10
5867,0,1,3,0,4,8
5868,0,1,3,0,4,8
5869,0,1,3,0,4,8
5870,0,1,3,0,4,8
5871,0,1,3,0,4,8
5872,0,1,3,0,4,8
5873,0,1,3,0,4,8
5874,0,1,3,0,4,8
5875,0,1,3,0,4,8
5876,1,1,3,0,5,10
5877,1,1,3,0,5,10
5878,1,1,3,0,5,10
5879,1,1,3,0,5,10
5880,1,1,3,0,5,10
5881,1,1,3,0,5,10
5882,1,1,3,0,5,10
5883,1,1,3,0,5,10
5884,1,1,3,0,5,10
5885,1,1,3,0,5,10
5886,1,1,3,0,5,10
5887,1,1,3,0,5,10
5888,1,1,3,0,5,10
5889,1,1,3,0,5,10
5890,1,1,3,0,5,10
5891,0,1,3,0,4,8
5892,1,1,3,0,5,10
5893,1,1,3,0,5,10
5894,2,1,3,0,6,12
5895,2,1,3,0,6,12
5896,1,1,3,0,5,10
5897,1,1,3,0,5,10
5898,1,1,3,10,15,30
5899,2,1,3,10,16,32
5900,2,1,3,10,16,32
5901,1,1,3,10,15,30
5902,1,1,3,0,5,10
5903,3,1,1,0,5,10
5904,2,1,1,0,4,8
5905,2,1,2,0,5,10
5906,1,1,1,0,3,6
5907,3,1,1,0,5,10
5908,1,1,1,4,7,14
5909,1,1,1,0,3,6
5910,1,1,1,4,7,14
5911,1,1,1,4,7,14
5912,1,1,1,4,7,14
5913,1,1,1,0,3,6
5914,1,1,1,5,8,16
5915,1,1,1,5,8,16
5916,1,1,1,0,3,6
5917,1,1,1,0,3,6
5918,1,1,1,0,3,6
5919,1,1,1,0,3,6
5920,1,1,1,0,3,6
5921,1,1,1,0,3,6
5922,1,1,3,0,5,10
5923,3,1,0,0,4,8
5924,1,1,3,0,5,10
5925,1,1,3,0,5,10
5926,1,1,3,0,5,10
5927,3,1,1,0,5,10
5928,2,1,1,0,4,8
5929,2,1,4,10,17,34
5930,2,1,3,0,6,12
5931,2,1,1,0,4,8
5932,2,1,4,0,7,14
5933,2,1,4,0,7,14
5934,2,1,4,0,7,14
5935,2,1,4,0,7,14
5936,2,1,4,0,7,14
5937,1,1,4,0,6,12
5938,2,1,4,0,7,14
5939,2,1,4,0,7,14
5940,1,1,4,0,6,12
5941,2,1,4,0,7,14
5942,1,1,4,0,6,12
5943,1,1,4,0,6,12
5944,1,1,4,0,6,12
5945,1,1,4,0,6,12
5946,1,1,4,0,6,12
5947,1,1,4,0,6,12
5948,1,1,4,0,6,12
5949,1,1,4,0,6,12
5950,1,1,4,0,6,12
5951,1,1,4,10,16,32
5952,1,1,4,0,6,12
5953,2,1,4,0,7,14
5954,2,1,4,0,7,14
5955,2,1,3,0,6,12
5956,2,1,3,0,6,12
5957,1,1,3,0,5,10
5958,1,1,4,0,6,12
5959,1,1,4,0,6,12
5960,1,1,4,0,6,12
5961,1,1,4,0,6,12
5962,1,1,4,0,6,12
5963,1,1,4,0,6,12
5964,1,1,4,0,6,12
5965,1,1,4,0,6,12
5966,1,1,4,0,6,12
5967,1,1,4,0,6,12
5968,1,1,4,0,6,12
5969,2,1,4,10,17,34
5970,2,1,4,10,17,34
5971,2,1,4,0,7,14
5972,2,1,4,0,7,14
5973,2,1,4,0,7,14
5974,2,1,4,0,7,14
5975,2,1,4,0,7,14
5976,1,1,4,0,6,12
5977,2,1,4,0,7,14
5978,2,1,4,0,7,14
5979,3,1,4,0,8,16
5980,3,1,4,0,8,16
5981,3,1,4,0,8,16
5982,2,1,3,0,6,12
5983,1,1,3,0,5,10
5984,1,1,3,10,15,30
5985,0,1,3,0,4,8
5986,1,1,3,0,5,10
5987,3,1,0,0,4,8
5988,1,1,3,0,5,10
5989,1,1,3,0,5,10
5990,2,1,3,0,6,12
5991,2,1,3,0,6,12
5992,2,1,0,10,13,26
5993,3,1,0,10,14,28
5994,3,1,1,10,15,30
5995,1,1,3,0,5,10
5996,2,1,3,0,6,12
5997,2,2,4,0,8,16
5998,2,2,4,0,8,16
5999,2,2,4,0,8,16
6000,2,2,4,0,8,16
6001,2,2,4,0,8,16
6002,2,2,1,0,5,10
6003,2,2,1,0,5,10
6004,2,2,4,0,8,16
6005,2,3,1,0,6,12
6006,2,3,1,10,16,32
6007,2,3,4,0,9,18
6008,1,3,4,0,8,16
6009,1,1,2,5,9,18
6010,1,1,3,0,5,10
6011,1,1,0,0,2,4
6012,2,1,3,0,6,12
6013,2,1,3,0,6,12
6014,3,1,0,10,14,28
6015,3,1,0,10,14,28
6016,1,1,1,5,8,16
6017,3,1,1,5,10,20
6018,2,1,4,0,7,14
6019,2,3,4,0,9,18
6020,2,3,4,0,9,18
6021,2,3,4,0,9,18
6022,2,3,4,0,9,18
6023,2,3,4,0,9,18
6024,2,3,4,0,9,18
6025,2,3,4,0,9,18
6026,2,3,4,0,9,18
6027,2,3,4,0,9,18
6028,1,3,4,0,8,16
6029,1,3,4,0,8,16
6030,2,3,4,0,9,18
6031,1,3,4,0,8,16
6032,1,3,4,0,8,16
6033,1,3,4,0,8,16
6034,1,1,4,0,6,12
6035,1,1,4,0,6,12
6036,1,1,4,0,6,12
6037,1,1,4,0,6,12
6038,1,1,4,0,6,12
6039,1,1,4,10,16,32
6040,1,1,4,0,6,12
6041,1,1,4,0,6,12
6042,2,1,4,0,7,14
6043,2,1,4,0,7,14
6044,1,1,4,0,6,12
6045,1,1,4,0,6,12
6046,1,1,4,0,6,12
6047,1,1,4,0,6,12
6048,1,1,4,0,6,12
6049,1,1,4,0,6,12
6050,1,1,4,0,6,12
6051,1,1,4,0,6,12
6052,1,1,4,0,6,12
6053,1,1,4,0,6,12
6054,1,1,4,0,6,12
6055,1,1,4,0,6,12
6056,1,1,4,0,6,12
6057,2,1,4,0,7,14
6058,2,1,4,0,7,14
6059,2,1,4,0,7,14
6060,2,1,4,10,17,34
6061,2,1,4,10,17,34
6062,2,1,4,0,7,14
6063,2,1,4,0,7,14
6064,2,1,4,0,7,14
6065,2,1,4,0,7,14
6066,2,1,4,0,7,14
6067,3,1,4,0,8,16
6068,3,1,4,0,8,16
6069,2,1,4,0,7,14
6070,3,1,4,0,8,16
6071,3,1,3,0,7,14
6072,3,1,3,0,7,14
6073,3,1,3,0,7,14
6074,3,1,3,0,7,14
6075,3,1,3,0,7,14
6076,3,1,3,0,7,14
6077,3,1,3,0,7,14
6078,1,1,2,0,4,8
6079,3,1,2,2,8,16
6080,3,1,1,8,13,26
6081,3,1,1,7,12,24
6082,3,1,2,5,11,22
6083,3,1,2,5,11,22
6084,1,1,3,0,5,10
6085,5,1,3,0,9,18
6086,2,1,3,0,6,12
6087,1,1,3,0,5,10
6088,1,1,3,0,5,10
6089,1,1,3,0,5,10
6090,3,1,3,0,7,14
6091,1,1,3,0,5,10
6092,1,1,3,0,5,10
6093,1,1,3,0,5,10
6094,2,1,2,0,5,10
6095,2,1,2,4,9,18
6096,3,1,2,4,10,20
6097,2,1,2,4,9,18
6098,2,1,2,0,5,10
6099,2,1,1,0,4,8
6100,2,1,3,0,6,12
6101,1,1,3,0,5,10
6102,2,1,3,0,6,12
6103,1,1,3,0,5,10
6104,2,1,3,0,6,12
6105,3,1,1,5,10,20
6106,3,1,2,5,11,22
6107,2,1,2,0,5,10
6108,2,1,4,10,17,34
6109,2,1,2,4,9,18
6110,2,1,2,5,10,20
6111,2,1,2,5,10,20
6112,2,1,2,5,10,20
6113,2,1,1,5,9,18
6114,2,1,1,10,14,28
6115,2,1,1,10,14,28
6116,2,1,1,0,4,8
6117,2,1,1,10,14,28
6118,2,1,1,0,4,8
6119,2,1,1,10,14,28
6120,1,1,4,0,6,12
6121,1,1,4,0,6,12
6122,1,1,4,0,6,12
6123,1,1,4,0,6,12
6124,2,1,4,0,7,14
6125,1,1,4,0,6,12
6126,1,1,4,0,6,12
6127,1,1,4,0,6,12
6128,1,1,4,0,6,12
6129,1,1,4,0,6,12
6130,1,1,4,0,6,12
6131,1,1,1,10,13,26
6132,2,1,1,0,4,8
6133,2,1,1,0,4,8
6134,2,1,1,0,4,8
6135,2,1,1,0,4,8
6136,2,1,1,0,4,8
6137,1,1,1,0,3,6
6138,2,1,1,5,9,18
6139,0,1,3,5,9,18
6140,0,1,3,5,9,18
6141,0,1,2,5,8,16
6142,0,1,3,0,4,8
6143,0,1,3,0,4,8
6144,0,1,3,0,4,8
6145,0,1,3,0,4,8
6146,0,1,3,0,4,8
6147,0,1,3,0,4,8
6148,0,1,3,0,4,8
6149,0,1,3,0,4,8
6150,0,1,3,0,4,8
6151,0,1,3,0,4,8
6152,0,1,3,0,4,8
6153,0,1,3,0,4,8
6154,0,1,3,0,4,8
6155,0,1,3,0,4,8
6156,0,1,3,0,4,8
6157,0,1,3,0,4,8
6158,0,1,3,0,4,8
6159,0,1,3,0,4,8
6160,0,1,3,0,4,8
6161,0,1,3,0,4,8
6162,0,1,3,0,4,8
6163,0,1,3,0,4,8
6164,0,1,3,0,4,8
6165,0,1,3,0,4,8
6166,0,1,3,0,4,8
6167,0,1,3,0,4,8
6168,1,1,3,0,5,10
6169,2,1,0,10,13,26
6170,1,1,3,0,5,10
6171,1,1,3,0,5,10
6172,1,1,3,0,5,10
6173,1,1,3,0,5,10
6174,2,1,1,0,4,8
6175,2,1,1,0,4,8
6176,2,1,4,0,7,14
6177,1,1,4,0,6,12
6178,2,1,4,0,7,14
6179,2,1,4,0,7,14
6180,2,1,4,0,7,14
6181,2,1,4,0,7,14
6182,2,1,4,10,17,34
6183,2,1,4,10,17,34
6184,2,1,4,10,17,34
6185,2,1,4,10,17,34
6186,2,1,1,0,4,8
6187,2,1,1,0,4,8
6188,1,1,1,0,3,6
6189,1,1,1,10,13,26
6190,2,1,4,0,7,14
6191,2,1,4,0,7,14
6192,2,1,4,0,7,14
6193,2,1,4,0,7,14
6194,1,1,4,0,6,12
6195,1,1,4,0,6,12
6196,1,1,4,0,6,12
6197,1,1,4,0,6,12
6198,1,1,4,0,6,12
6199,1,1,4,0,6,12
6200,1,1,4,0,6,12
6201,1,1,4,0,6,12
6202,1,1,4,0,6,12
6203,1,1,4,0,6,12
6204,1,1,4,0,6,12
6205,1,1,4,0,6,12
6206,1,2,4,0,7,14
6207,1,2,4,0,7,14
6208,1,2,4,0,7,14
6209,2,2,3,0,7,14
6210,2,2,3,0,7,14
6211,2,2,3,0,7,14
6212,2,2,3,0,7,14
6213,2,2,4,10,18,36
6214,2,2,4,0,8,16
6215,2,2,4,0,8,16
6216,2,2,4,0,8,16
6217,2,2,4,0,8,16
6218,2,2,4,0,8,16
6219,2,2,4,0,8,16
6220,2,2,4,0,8,16
6221,2,2,4,0,8,16
6222,1,2,3,0,6,12
6223,1,2,3,0,6,12
6224,0,2,3,0,5,10
6225,2,2,3,10,17,34
6226,3,2,1,0,6,12
6227,3,2,1,0,6,12
6228,2,2,1,10,15,30
6229,2,2,1,0,5,10
6230,1,2,3,0,6,12
6231,1,2,3,0,6,12
6232,1,2,3,0,6,12
6233,1,2,3,0,6,12
6234,1,2,3,0,6,12
6235,1,2,3,0,6,12
6236,1,2,3,0,6,12
6237,1,2,3,0,6,12
6238,1,2,3,0,6,12
6239,2,2,3,0,7,14
6240,2,2,3,0,7,14
6241,2,2,3,0,7,14
6242,2,2,3,0,7,14
6243,2,2,3,0,7,14
6244,2,2,3,0,7,14
6245,1,2,3,0,6,12
6246,1,2,3,0,6,12
6247,1,2,3,0,6,12
6248,1,2,3,0,6,12
6249,2,2,0,10,14,28
6250,2,2,3,10,17,34
6251,1,2,3,10,16,32
6252,2,2,0,10,14,28
6253,1,2,3,10,16,32
6254,1,2,6,10,19,38
6255,2,2,1,5,10,20
6256,1,2,0,10,13,26
6257,3,2,0,10,15,30
6258,3,2,0,10,15,30
6259,1,2,3,0,6,12
6260,1,1,3,0,5,10
6261,2,1,0,0,3,6
6262,2,1,0,10,13,26
6263,2,1,3,0,6,12
6264,2,1,3,0,6,12
6265,1,1,3,0,5,10
6266,2,1,3,0,6,12
6267,2,1,3,0,6,12
6268,2,1,3,0,6,12
6269,3,1,3,0,7,14
6270,2,1,3,0,6,12
6271,1,1,3,0,5,10
6272,1,1,3,0,5,10
6273,2,1,3,10,16,32
6274,2,1,3,0,6,12
6275,2,1,3,0,6,12
6276,2,1,3,0,6,12
6277,2,1,4,0,7,14
6278,2,1,4,0,7,14
6279,2,1,4,0,7,14
6280,2,1,4,10,17,34
6281,2,1,4,10,17,34
6282,1,1,1,10,13,26
6283,1,1,1,0,3,6
6284,1,1,4,0,6,12
6285,1,1,4,0,6,12
6286,1,1,4,0,6,12
6287,1,1,4,0,6,12
6288,1,1,4,0,6,12
6289,1,1,4,0,6,12
6290,2,1,4,0,7,14
6291,2,1,4,0,7,14
6292,1,1,4,0,6,12
6293,1,1,4,0,6,12
6294,1,1,4,0,6,12
6295,1,1,4,0,6,12
6296,1,1,4,0,6,12
6297,1,1,4,0,6,12
6298,1,1,4,0,6,12
6299,1,1,4,0,6,12
6300,1,3,4,0,8,16
6301,1,3,4,0,8,16
6302,2,3,4,0,9,18
6303,2,3,4,0,9,18
6304,2,3,4,0,9,18
6305,2,3,4,0,9,18
6306,2,3,4,0,9,18
6307,2,3,4,0,9,18
6308,2,1,4,0,7,14
6309,3,1,4,0,8,16
6310,3,1,4,0,8,16
6311,2,1,4,0,7,14
6312,3,1,4,0,8,16
6313,2,1,4,0,7,14
6314,2,1,4,0,7,14
6315,2,1,4,0,7,14
6316,1,1,4,0,6,12
6317,1,1,3,0,5,10
6318,1,1,3,0,5,10
6319,0,1,3,10,14,28
6320,0,1,3,10,14,28
6321,0,1,3,0,4,8
6322,1,1,3,0,5,10
6323,1,1,3,0,5,10
6324,2,1,1,5,9,18
6325,2,1,2,0,5,10
6326,1,1,1,5,8,16
6327,2,1,1,5,9,18
6328,2,1,1,5,9,18
6329,2,1,1,3,7,14
6330,1,1,1,5,8,16
6331,0,1,1,0,2,4
6332,1,1,1,0,3,6
6333,4,1,2,5,12,24
6334,1,1,1,5,8,16
6335,1,1,3,0,5,10
6336,1,1,3,0,5,10
6337,1,1,3,10,15,30
6338,1,1,3,0,5,10
6339,2,1,3,0,6,12
6340,2,1,3,0,6,12
6341,2,1,3,0,6,12
6342,2,1,3,10,16,32
6343,2,1,3,0,6,12
6344,2,1,4,0,7,14
6345,1,1,4,0,6,12
6346,1,1,4,0,6,12
6347,1,1,4,0,6,12
6348,1,1,4,0,6,12
6349,2,1,4,0,7,14
6350,1,1,4,0,6,12
6351,1,1,4,0,6,12
6352,2,1,4,0,7,14
6353,1,1,4,0,6,12
6354,2,1,4,0,7,14
6355,2,1,1,0,4,8
6356,2,1,2,0,5,10
6357,1,1,2,0,4,8
6358,1,1,2,0,4,8
6359,1,1,2,0,4,8
6360,1,1,2,0,4,8
6361,1,1,2,0,4,8
6362,1,1,2,0,4,8
6363,1,1,2,0,4,8
6364,1,1,2,0,4,8
6365,1,1,2,0,4,8
6366,1,1,3,5,10,20
6367,1,1,3,0,5,10
6368,2,1,3,0,6,12
6369,2,1,3,0,6,12
6370,1,1,3,0,5,10
6371,3,1,0,10,14,28
6372,3,1,1,5,10,20
6373,3,1,1,5,10,20
6374,3,1,1,5,10,20
6375,2,1,1,10,14,28
6376,2,1,0,10,13,26
6377,2,1,0,10,13,26
6378,2,1,0,5,8,16
6379,2,1,1,0,4,8
6380,3,1,1,0,5,10
6381,3,1,1,5,10,20
6382,2,1,0,4,7,14
6383,2,1,0,10,13,26
6384,2,1,0,5,8,16
6385,2,1,0,4,7,14
6386,2,1,0,0,3,6
6387,2,1,1,5,9,18
6388,2,1,1,6,10,20
6389,2,1,1,4,8,16
6390,2,1,1,10,14,28
6391,1,1,3,0,5,10
6392,1,1,3,5,10,20
6393,1,1,3,5,10,20
6394,2,1,3,10,16,32
6395,0,1,3,0,4,8
6396,0,1,3,0,4,8
6397,0,1,3,0,4,8
6398,0,1,3,0,4,8
6399,0,1,3,0,4,8
6400,0,1,3,0,4,8
6401,0,1,3,0,4,8
6402,0,1,3,0,4,8
6403,0,1,3,0,4,8
6404,0,1,3,0,4,8
6405,0,1,3,0,4,8
6406,0,1,3,0,4,8
6407,0,1,3,0,4,8
6408,0,1,3,0,4,8
6409,0,1,3,0,4,8
6410,0,1,3,0,4,8
6411,0,1,3,0,4,8
6412,0,1,3,0,4,8
6413,0,1,3,0,4,8
6414,0,1,3,0,4,8
6415,0,1,3,0,4,8
6416,0,1,3,0,4,8
6417,0,1,3,0,4,8
6418,0,1,3,0,4,8
6419,0,3,3,0,6,12
6420,0,3,3,0,6,12
6421,0,3,3,0,6,12
6422,0,3,3,0,6,12
6423,0,3,3,0,6,12
6424,0,3,3,0,6,12
6425,0,3,3,0,6,12
6426,0,3,3,0,6,12
6427,0,1,3,0,4,8
6428,0,1,3,0,4,8
6429,0,1,3,0,4,8
6430,0,1,3,0,4,8
6431,0,1,3,0,4,8
6432,0,1,3,0,4,8
6433,0,1,3,0,4,8
6434,0,1,3,0,4,8
6435,0,1,3,0,4,8
6436,0,1,3,0,4,8
6437,0,1,3,0,4,8
6438,0,1,3,0,4,8
6439,0,1,3,0,4,8
6440,0,1,3,0,4,8
6441,0,1,3,0,4,8
6442,0,1,3,0,4,8
6443,0,1,3,0,4,8
6444,0,1,3,0,4,8
6445,0,1,3,0,4,8
6446,0,1,3,0,4,8
6447,0,1,3,0,4,8
6448,0,1,3,0,4,8
6449,0,1,3,0,4,8
6450,0,1,3,0,4,8
6451,0,1,3,0,4,8
6452,0,1,3,0,4,8
6453,0,1,3,0,4,8
6454,0,1,3,0,4,8
6455,0,1,3,0,4,8
6456,0,1,3,0,4,8
6457,0,1,3,0,4,8
6458,1,1,3,0,5,10
6459,2,1,3,10,16,32
6460,1,1,3,0,5,10
6461,1,1,3,0,5,10
6462,1,1,3,0,5,10
6463,2,1,0,10,13,26
6464,3,1,1,10,15,30
6465,3,1,2,5,11,22
6466,2,1,3,0,6,12
6467,2,1,4,10,17,34
6468,3,1,3,6,13,26
6469,2,1,3,10,16,32
6470,3,1,3,10,17,34
6471,2,1,3,10,16,32
6472,3,1,3,10,17,34
6473,2,1,3,10,16,32
6474,2,1,0,10,13,26
6475,2,1,0,5,8,16
6476,2,1,1,7,11,22
6477,2,1,0,10,13,26
6478,2,1,1,6,10,20
6479,1,1,3,0,5,10
6480,1,1,3,0,5,10
6481,1,1,3,0,5,10
6482,1,1,3,0,5,10
6483,2,1,3,10,16,32
6484,1,1,3,0,5,10
6485,2,1,3,0,6,12
6486,1,1,3,0,5,10
6487,1,1,3,0,5,10
6488,0,1,3,0,4,8
6489,0,1,3,0,4,8
6490,0,1,3,0,4,8
6491,0,1,3,0,4,8
6492,0,1,3,0,4,8
6493,0,1,3,0,4,8
6494,0,1,3,0,4,8
6495,0,1,3,0,4,8
6496,0,1,3,0,4,8
6497,0,1,4,0,5,10
6498,2,1,1,0,4,8
6499,3,1,3,0,7,14
6500,3,1,1,0,5,10
6501,2,1,1,0,4,8
6502,2,1,1,0,4,8
6503,2,1,3,0,6,12
6504,1,1,3,0,5,10
6505,1,1,3,0,5,10
6506,1,1,3,0,5,10
6507,1,1,3,0,5,10
6508,2,1,1,0,4,8
6509,1,1,3,0,5,10
6510,1,1,3,0,5,10
6511,1,1,3,0,5,10
6512,2,1,3,0,6,12
6513,1,1,3,0,5,10
6514,2,1,3,0,6,12
6515,1,1,3,0,5,10
6516,1,1,3,10,15,30
6517,1,1,3,0,5,10
6518,1,1,3,0,5,10
6519,0,1,3,0,4,8
6520,1,1,3,0,5,10
6521,1,1,3,0,5,10
6522,1,1,3,0,5,10
6523,1,1,3,0,5,10
6524,1,1,3,0,5,10
6525,1,1,3,0,5,10
6526,1,1,3,0,5,10
6527,1,1,3,0,5,10
6528,1,1,3,0,5,10
6529,1,1,3,0,5,10
6530,1,1,3,0,5,10
6531,1,1,3,0,5,10
6532,1,1,3,0,5,10
6533,1,1,3,0,5,10
6534,2,1,3,0,6,12
6535,1,1,3,0,5,10
6536,1,1,3,0,5,10
6537,1,1,3,0,5,10
6538,2,1,3,0,6,12
6539,2,1,0,0,3,6
6540,2,1,0,0,3,6
6541,1,1,3,0,5,10
6542,1,1,3,0,5,10
6543,2,1,3,0,6,12
6544,2,1,3,0,6,12
6545,2,1,3,0,6,12
6546,2,1,3,10,16,32
6547,2,1,3,10,16,32
6548,2,1,3,10,16,32
6549,2,1,3,0,6,12
6550,2,1,4,10,17,34
6551,2,1,1,0,4,8
6552,2,1,1,0,4,8
6553,2,1,1,0,4,8
6554,2,1,1,0,4,8
6555,2,1,4,0,7,14
6556,2,1,4,0,7,14
6557,2,1,4,0,7,14
6558,1,1,4,0,6,12
6559,1,1,4,0,6,12
6560,2,1,4,0,7,14
6561,1,1,4,0,6,12
6562,1,1,4,0,6,12
6563,1,1,4,0,6,12
6564,1,1,4,0,6,12
6565,1,1,4,0,6,12
6566,1,1,4,0,6,12
6567,1,1,4,0,6,12
6568,1,1,4,10,16,32
6569,1,1,4,10,16,32
6570,2,1,3,10,16,32
6571,1,1,3,10,15,30
6572,1,1,3,0,5,10
6573,1,1,3,0,5,10
6574,1,1,3,0,5,10
6575,1,1,3,0,5,10
6576,1,1,4,0,6,12
6577,1,1,4,0,6,12
6578,1,1,4,0,6,12
6579,2,1,4,0,7,14
6580,1,1,4,0,6,12
6581,1,1,4,0,6,12
6582,1,1,4,0,6,12
6583,1,1,4,0,6,12
6584,2,1,4,0,7,14
6585,2,1,3,0,6,12
6586,2,1,3,0,6,12
6587,1,1,3,0,5,10
6588,1,1,3,0,5,10
6589,1,1,3,0,5,10
6590,1,1,3,0,5,10
6591,1,1,3,0,5,10
6592,2,1,3,0,6,12
6593,2,1,3,0,6,12
6594,2,1,3,0,6,12
6595,2,1,3,0,6,12
6596,2,1,4,0,7,14
6597,2,1,4,0,7,14
6598,2,1,4,0,7,14
6599,2,1,4,0,7,14
6600,2,1,1,10,14,28
6601,2,1,4,0,7,14
6602,2,1,4,10,17,34
6603,3,1,4,0,8,16
6604,2,1,4,0,7,14
6605,2,1,4,0,7,14
6606,1,1,4,0,6,12
6607,1,1,3,0,5,10
6608,2,1,3,0,6,12
6609,2,1,3,0,6,12
6610,2,1,3,0,6,12
6611,1,1,3,0,5,10
6612,2,1,0,10,13,26
6613,3,1,3,0,7,14
6614,3,1,3,10,17,34
6615,3,1,3,10,17,34
6616,2,1,3,10,16,32
6617,1,1,3,10,15,30
6618,2,1,3,0,6,12
6619,1,1,3,10,15,30
6620,1,1,3,0,5,10
6621,1,1,3,0,5,10
6622,1,1,3,0,5,10
6623,1,1,3,0,5,10
6624,1,1,3,0,5,10
6625,2,1,3,10,16,32
6626,2,1,3,0,6,12
6627,0,1,3,0,4,8
6628,1,1,3,0,5,10
6629,0,1,3,0,4,8
6630,0,1,3,0,4,8
6631,0,1,3,10,14,28
6632,0,1,3,0,4,8
6633,0,1,0,10,11,22
6634,0,1,3,10,14,28
6635,0,1,3,0,4,8
6636,0,1,0,10,11,22
6637,0,1,0,10,11,22
6638,0,1,3,0,4,8
6639,0,1,3,0,4,8
6640,0,1,3,0,4,8
6641,0,3,3,0,6,12
6642,0,3,3,0,6,12
6643,0,3,3,0,6,12
6644,0,3,3,0,6,12
6645,0,3,3,0,6,12
6646,0,3,3,0,6,12
6647,0,3,3,0,6,12
6648,1,1,3,0,5,10
6649,3,1,0,0,4,8
6650,3,1,3,0,7,14
6651,1,1,3,0,5,10
6652,1,1,3,0,5,10
6653,1,1,3,0,5,10
6654,2,1,3,0,6,12
6655,2,1,3,0,6,12
6656,2,1,3,0,6,12
6657,1,1,3,0,5,10
6658,2,1,3,0,6,12
6659,3,1,3,0,7,14
6660,1,1,3,0,5,10
6661,2,1,3,0,6,12
6662,2,1,3,0,6,12
6663,2,1,3,0,6,12
6664,2,3,3,0,8,16
6665,2,3,3,0,8,16
6666,2,3,4,0,9,18
6667,2,3,4,0,9,18
6668,2,3,4,0,9,18
6669,1,3,4,0,8,16
6670,1,3,4,0,8,16
6671,1,3,4,0,8,16
6672,1,3,4,0,8,16
6673,1,3,4,0,8,16
6674,1,3,4,0,8,16
6675,1,3,4,0,8,16
6676,1,3,4,0,8,16
6677,1,3,4,0,8,16
6678,1,3,4,0,8,16
6679,1,3,4,0,8,16
6680,1,1,4,0,6,12
6681,1,1,4,0,6,12
6682,1,1,4,0,6,12
6683,1,1,4,4,10,20
6684,2,1,4,0,7,14
6685,2,1,3,0,6,12
6686,1,1,2,6,10,20
6687,1,1,2,4,8,16
6688,1,1,1,10,13,26
6689,2,1,3,10,16,32
6690,2,1,3,10,16,32
6691,1,1,3,0,5,10
6692,1,1,3,10,15,30
6693,1,1,3,0,5,10
6694,1,1,3,0,5,10
6695,2,1,3,0,6,12
6696,2,1,3,0,6,12
6697,2,1,3,0,6,12
6698,2,1,3,0,6,12
6699,2,1,3,0,6,12
6700,2,1,3,0,6,12
6701,3,1,3,0,7,14
6702,2,1,3,0,6,12
6703,2,1,3,0,6,12
6704,2,1,3,0,6,12
6705,2,1,3,0,6,12
6706,2,1,3,0,6,12
6707,2,1,3,0,6,12
6708,2,1,3,0,6,12
6709,2,1,3,0,6,12
6710,2,1,3,0,6,12
6711,2,1,3,0,6,12
6712,2,1,3,0,6,12
6713,2,1,1,5,9,18
6714,2,1,2,5,10,20
6715,2,1,3,0,6,12
6716,2,1,2,0,5,10
6717,2,1,2,0,5,10
6718,2,1,1,5,9,18
6719,2,1,3,0,6,12
6720,2,1,1,0,4,8
6721,1,1,3,0,5,10
6722,2,1,0,10,13,26
6723,1,1,0,10,12,24
6724,2,1,0,10,13,26
6725,1,1,3,0,5,10
6726,1,1,3,0,5,10
6727,2,1,3,0,6,12
6728,2,1,3,0,6,12
6729,3,1,3,0,7,14
6730,2,1,3,0,6,12
6731,3,1,3,0,7,14
6732,1,1,3,10,15,30
6733,2,1,3,10,16,32
6734,2,1,3,10,16,32
6735,2,1,3,10,16,32
6736,2,1,3,10,16,32
6737,2,1,3,10,16,32
6738,2,1,3,10,16,32
6739,2,1,4,10,17,34
6740,2,1,4,10,17,34
6741,2,1,4,10,17,34
6742,2,1,4,0,7,14
6743,1,1,4,10,16,32
6744,1,1,4,0,6,12
6745,1,1,4,0,6,12
6746,1,1,4,0,6,12
6747,1,1,4,0,6,12
6748,1,1,4,0,6,12
6749,1,1,4,0,6,12
6750,1,1,4,0,6,12
6751,1,1,4,0,6,12
6752,1,1,4,0,6,12
6753,1,1,4,0,6,12
6754,1,1,4,0,6,12
6755,1,1,4,0,6,12
6756,1,1,4,0,6,12
6757,2,1,4,0,7,14
6758,2,1,4,0,7,14
6759,2,1,4,0,7,14
6760,2,1,4,0,7,14
6761,2,1,4,0,7,14
6762,2,1,4,0,7,14
6763,2,1,4,0,7,14
6764,1,1,3,0,5,10
6765,2,1,3,0,6,12
6766,2,1,3,0,6,12
6767,2,1,3,0,6,12
6768,2,1,3,0,6,12
6769,2,1,4,10,17,34
6770,2,1,4,0,7,14
6771,2,1,4,0,7,14
6772,2,1,4,0,7,14
6773,2,1,4,0,7,14
6774,2,1,4,0,7,14
6775,2,1,4,0,7,14
6776,2,1,4,0,7,14
6777,1,1,4,0,6,12
6778,1,1,3,0,5,10
6779,1,1,3,0,5,10
6780,0,1,3,10,14,28
6781,1,1,3,10,15,30
6782,1,1,3,0,5,10
6783,1,1,3,0,5,10
6784,2,1,3,0,6,12
6785,1,1,3,0,5,10
6786,1,1,3,0,5,10
6787,1,1,3,0,5,10
6788,1,1,3,0,5,10
6789,1,1,3,0,5,10
6790,1,1,3,0,5,10
6791,1,1,3,0,5,10
6792,1,1,3,0,5,10
6793,1,1,3,0,5,10
6794,1,1,3,0,5,10
6795,1,1,3,0,5,10
6796,1,1,3,0,5,10
6797,1,1,3,0,5,10
6798,1,1,3,0,5,10
6799,1,1,3,0,5,10
6800,1,1,3,0,5,10
6801,1,1,3,0,5,10
6802,1,1,3,0,5,10
6803,0,1,3,0,4,8
6804,0,1,3,0,4,8
6805,0,1,3,0,4,8
6806,0,1,3,0,4,8
6807,0,1,0,0,1,2
6808,0,1,0,0,1,2
6809,1,1,3,0,5,10
6810,1,1,3,0,5,10
6811,1,1,3,0,5,10
6812,1,1,3,0,5,10
6813,1,1,3,0,5,10
6814,1,1,3,0,5,10
6815,0,1,3,0,4,8
6816,0,1,3,0,4,8
6817,0,1,3,0,4,8
6818,0,1,3,0,4,8
6819,0,1,3,0,4,8
6820,0,1,3,0,4,8
6821,0,1,3,0,4,8
6822,0,1,3,0,4,8
6823,0,1,3,0,4,8
6824,0,1,3,0,4,8
6825,0,1,3,0,4,8
6826,1,1,3,0,5,10
6827,1,1,3,0,5,10
6828,2,1,0,0,3,6
6829,1,1,3,0,5,10
6830,1,1,3,0,5,10
6831,1,1,3,0,5,10
6832,1,1,3,0,5,10
6833,2,1,3,0,6,12
6834,3,1,4,10,18,36
6835,3,1,7,10,21,42
6836,2,1,3,0,6,12
6837,2,1,3,0,6,12
6838,2,1,3,0,6,12
6839,3,1,4,0,8,16
6840,3,1,3,0,7,14
6841,3,1,3,0,7,14
6842,3,1,3,0,7,14
6843,3,1,3,0,7,14
6844,3,1,3,0,7,14
6845,1,1,3,0,5,10
6846,2,1,3,0,6,12
6847,2,1,3,0,6,12
6848,2,1,3,0,6,12
6849,2,1,3,0,6,12
6850,2,1,3,0,6,12
6851,1,1,3,0,5,10
6852,1,1,3,0,5,10
6853,1,1,3,0,5,10
6854,1,1,3,0,5,10
6855,1,1,4,0,6,12
6856,1,1,4,0,6,12
6857,1,1,4,0,6,12
6858,1,1,4,0,6,12
6859,1,1,4,0,6,12
6860,1,1,4,0,6,12
6861,1,1,4,0,6,12
6862,1,1,4,0,6,12
6863,1,1,4,0,6,12
6864,1,1,4,0,6,12
6865,1,1,4,0,6,12
6866,1,1,4,0,6,12
6867,1,1,4,0,6,12
6868,1,1,4,0,6,12
6869,1,1,4,0,6,12
6870,1,1,4,0,6,12
6871,1,1,4,0,6,12
6872,2,1,4,0,7,14
6873,2,1,4,0,7,14
6874,2,1,4,0,7,14
6875,1,1,4,0,6,12
6876,1,1,4,0,6,12
6877,1,1,4,0,6,12
6878,1,1,4,0,6,12
6879,1,1,4,0,6,12
6880,2,1,4,0,7,14
6881,2,1,4,10,17,34
6882,2,1,4,0,7,14
6883,3,1,4,10,18,36
6884,2,1,4,10,17,34
6885,2,1,4,10,17,34
6886,2,1,4,10,17,34
6887,2,1,1,10,14,28
6888,2,1,1,0,4,8
6889,2,1,4,0,7,14
6890,2,1,4,0,7,14
6891,2,1,4,0,7,14
6892,2,1,4,0,7,14
6893,2,1,1,0,4,8
6894,2,1,4,0,7,14
6895,2,1,4,10,17,34
6896,2,1,3,10,16,32
6897,2,1,3,10,16,32
6898,3,1,3,10,17,34
6899,1,1,3,0,5,10
6900,1,1,1,0,3,6
6901,2,1,1,2,6,12
6902,1,1,1,2,5,10
6903,2,1,1,2,6,12
6904,2,1,1,2,6,12
6905,1,1,1,2,5,10
6906,1,1,1,2,5,10
6907,1,1,3,10,15,30
6908,1,1,3,10,15,30
6909,1,1,3,10,15,30
6910,2,1,3,10,16,32
6911,1,1,3,10,15,30
6912,1,1,3,10,15,30
6913,1,1,3,10,15,30
6914,1,1,3,5,10,20
6915,1,1,1,5,8,16
6916,1,1,3,0,5,10
6917,2,1,0,10,13,26
6918,2,1,3,10,16,32
6919,1,1,3,0,5,10
6920,1,1,3,0,5,10
6921,2,1,3,0,6,12
6922,3,1,2,5,11,22
6923,2,3,4,0,9,18
6924,2,3,4,0,9,18
6925,2,3,4,0,9,18
6926,1,3,4,0,8,16
6927,2,3,1,0,6,12
6928,2,3,1,0,6,12
6929,2,3,1,0,6,12
6930,2,3,1,0,6,12
6931,2,3,1,0,6,12
6932,2,3,1,0,6,12
6933,2,3,1,0,6,12
6934,2,3,1,0,6,12
6935,1,3,4,0,8,16
6936,1,1,4,0,6,12
6937,1,1,4,0,6,12
6938,1,1,4,0,6,12
6939,1,1,4,0,6,12
6940,1,1,4,0,6,12
6941,1,1,4,0,6,12
6942,1,1,4,0,6,12
6943,2,1,4,0,7,14
6944,1,1,4,0,6,12
6945,1,1,4,0,6,12
6946,2,1,3,0,6,12
6947,2,1,3,0,6,12
6948,1,1,3,0,5,10
6949,1,1,3,0,5,10
6950,1,1,3,0,5,10
6951,1,1,3,0,5,10
6952,1,1,4,0,6,12
6953,1,1,4,0,6,12
6954,1,1,4,0,6,12
6955,1,1,4,0,6,12
6956,1,1,4,0,6,12
6957,1,1,4,0,6,12
6958,2,1,4,0,7,14
6959,2,1,4,0,7,14
6960,2,1,4,0,7,14
6961,2,1,4,0,7,14
6962,2,1,4,0,7,14
6963,1,1,4,0,6,12
6964,2,1,4,0,7,14
6965,2,1,4,0,7,14
6966,2,1,4,0,7,14
6967,2,1,4,0,7,14
6968,2,1,4,0,7,14
6969,2,1,4,0,7,14
6970,2,1,4,0,7,14
6971,2,1,4,0,7,14
6972,2,1,4,0,7,14
6973,2,1,4,0,7,14
6974,2,1,4,0,7,14
6975,2,1,4,0,7,14
6976,3,1,4,0,8,16
6977,3,1,4,0,8,16
6978,2,1,3,0,6,12
6979,3,1,3,0,7,14
6980,1,1,3,0,5,10
6981,1,3,3,0,7,14
6982,1,3,3,0,7,14
6983,1,3,3,0,7,14
6984,1,3,3,0,7,14
6985,1,1,3,0,5,10
6986,1,1,3,0,5,10
6987,1,1,3,0,5,10
6988,1,1,3,0,5,10
6989,2,1,3,0,6,12
6990,1,1,0,10,12,24
6991,2,1,3,0,6,12
6992,2,1,3,0,6,12
6993,2,1,1,10,14,28
6994,2,1,1,5,9,18
6995,3,1,1,10,15,30
6996,2,1,1,10,14,28
6997,3,1,1,5,10,20
6998,3,1,3,10,17,34
6999,3,1,1,10,15,30
7000,2,1,0,10,13,26
7001,2,1,0,0,3,6
7002,2,1,1,1,5,10
7003,3,1,1,6,11,22
7004,3,1,0,5,9,18
7005,3,1,0,10,14,28
7006,2,1,1,5,9,18
7007,2,1,2,0,5,10
7008,2,1,2,0,5,10
7009,2,1,2,10,15,30
7010,2,1,2,5,10,20
7011,2,1,1,0,4,8
7012,1,1,3,5,10,20
7013,2,1,2,0,5,10
7014,1,1,3,5,10,20
7015,1,1,3,3,8,16
7016,0,1,3,0,4,8
7017,0,1,3,5,9,18
7018,0,1,3,0,4,8
7019,2,1,3,0,6,12
7020,1,1,3,0,5,10
7021,2,1,3,0,6,12
7022,2,1,3,0,6,12
7023,2,1,3,10,16,32
7024,3,1,1,0,5,10
7025,2,1,4,0,7,14
7026,2,1,4,0,7,14
7027,2,1,4,0,7,14
7028,1,1,4,0,6,12
7029,2,1,4,0,7,14
7030,2,1,4,0,7,14
7031,2,1,4,0,7,14
7032,2,1,4,0,7,14
7033,2,1,1,0,4,8
7034,2,1,1,0,4,8
7035,2,1,1,0,4,8
7036,1,1,4,0,6,12
7037,1,1,4,0,6,12
7038,2,1,4,0,7,14
7039,1,1,4,0,6,12
7040,1,1,3,0,5,10
7041,1,1,3,0,5,10
7042,1,1,3,0,5,10
7043,1,1,4,0,6,12
7044,1,1,4,0,6,12
7045,1,1,4,0,6,12
7046,1,1,4,0,6,12
7047,1,1,4,0,6,12
7048,1,1,4,0,6,12
7049,1,1,4,0,6,12
7050,1,1,4,0,6,12
7051,1,1,4,0,6,12
7052,1,1,4,0,6,12
7053,1,1,4,0,6,12
7054,2,1,4,10,17,34
7055,2,1,4,0,7,14
7056,2,1,4,0,7,14
7057,2,1,4,0,7,14
7058,2,1,4,0,7,14
7059,2,1,4,0,7,14
7060,2,1,4,0,7,14
7061,2,1,4,0,7,14
7062,2,1,4,0,7,14
7063,2,1,4,0,7,14
7064,2,1,4,0,7,14
7065,2,1,4,0,7,14
7066,2,1,4,0,7,14
7067,2,1,4,0,7,14
7068,2,1,3,0,6,12
7069,1,1,3,0,5,10
7070,1,1,3,5,10,20
7071,1,1,3,0,5,10
7072,2,1,0,0,3,6
7073,1,1,3,0,5,10
7074,1,1,3,0,5,10
7075,1,1,3,0,5,10
7076,2,1,3,0,6,12
7077,3,1,0,0,4,8
7078,2,1,4,10,17,34
7079,2,1,4,0,7,14
7080,3,1,3,0,7,14
7081,3,1,3,5,12,24
7082,2,1,2,5,10,20
7083,2,1,2,5,10,20
7084,2,1,3,10,16,32
7085,1,1,3,10,15,30
7086,1,1,3,0,5,10
7087,1,1,3,0,5,10
7088,1,1,3,0,5,10
7089,1,1,3,0,5,10
7090,1,1,3,0,5,10
7091,1,1,3,0,5,10
7092,1,1,3,0,5,10
7093,2,1,3,0,6,12
7094,3,1,0,0,4,8
7095,1,1,3,0,5,10
7096,1,1,3,0,5,10
7097,1,1,3,0,5,10
7098,2,1,0,0,3,6
7099,3,1,0,10,14,28
7100,2,2,1,10,15,30
7101,2,2,1,10,15,30
7102,2,2,1,10,15,30
7103,2,2,1,10,15,30
7104,2,3,4,0,9,18
7105,2,3,4,0,9,18
7106,2,3,4,0,9,18
7107,1,3,4,0,8,16
7108,2,3,4,0,9,18
7109,2,3,4,0,9,18
7110,2,3,4,0,9,18
7111,1,3,4,0,8,16
7112,2,1,4,0,7,14
7113,2,1,4,0,7,14
7114,2,1,4,0,7,14
7115,1,1,4,0,6,12
7116,2,1,4,0,7,14
7117,1,1,4,0,6,12
7118,1,1,4,0,6,12
7119,1,1,4,0,6,12
7120,1,1,4,0,6,12
7121,1,1,4,0,6,12
7122,1,1,4,0,6,12
7123,1,1,4,0,6,12
7124,2,1,4,0,7,14
7125,1,1,4,0,6,12
7126,1,1,4,0,6,12
7127,2,1,4,0,7,14
7128,1,1,4,0,6,12
7129,1,1,4,0,6,12
7130,1,1,4,0,6,12
7131,1,1,4,0,6,12
7132,1,1,4,0,6,12
7133,1,1,4,0,6,12
7134,1,1,4,0,6,12
7135,1,1,4,0,6,12
7136,1,1,4,0,6,12
7137,1,1,4,0,6,12
7138,1,1,4,0,6,12
7139,1,1,4,0,6,12
7140,1,1,4,0,6,12
7141,1,1,4,0,6,12
7142,1,1,4,0,6,12
7143,1,1,4,0,6,12
7144,2,1,4,0,7,14
7145,2,1,4,0,7,14
7146,1,1,3,10,15,30
7147,2,1,3,10,16,32
7148,3,1,3,0,7,14
7149,3,1,3,0,7,14
7150,2,1,3,0,6,12
7151,2,1,3,0,6,12
7152,1,1,3,0,5,10
7153,1,1,3,0,5,10
7154,1,1,3,0,5,10
7155,1,1,3,0,5,10
7156,1,1,3,0,5,10
7157,1,1,3,0,5,10
7158,2,1,0,0,3,6
7159,2,1,0,0,3,6
7160,2,1,0,0,3,6
7161,2,1,1,0,4,8
7162,2,1,1,10,14,28
7163,1,1,0,0,2,4
7164,1,1,3,0,5,10
7165,1,1,3,0,5,10
7166,1,1,3,0,5,10
7167,1,1,3,0,5,10
7168,1,1,3,0,5,10
7169,1,1,3,0,5,10
7170,1,1,3,0,5,10
7171,1,1,3,0,5,10
7172,1,1,3,0,5,10
7173,1,1,3,0,5,10
7174,1,1,3,0,5,10
7175,1,1,3,0,5,10
7176,1,1,3,0,5,10
7177,1,1,3,0,5,10
7178,2,1,3,0,6,12
7179,1,1,3,0,5,10
7180,1,1,3,0,5,10
7181,1,1,3,0,5,10
7182,0,1,3,0,4,8
7183,0,1,3,0,4,8
7184,0,1,3,0,4,8
7185,0,1,3,0,4,8
7186,0,1,3,0,4,8
7187,0,1,3,0,4,8
7188,2,1,3,0,6,12
7189,1,1,3,0,5,10
7190,0,1,3,10,14,28
7191,0,1,3,0,4,8
7192,0,1,3,0,4,8
7193,0,1,3,0,4,8
7194,2,1,3,0,6,12
7195,1,1,3,0,5,10
7196,1,1,3,0,5,10
7197,1,1,3,0,5,10
7198,1,1,3,0,5,10
7199,1,1,3,0,5,10
7200,1,1,3,0,5,10
7201,1,1,3,0,5,10
7202,1,1,3,0,5,10
7203,1,1,3,0,5,10
7204,1,1,3,0,5,10
7205,1,1,3,0,5,10
7206,1,1,3,0,5,10
7207,1,1,3,0,5,10
7208,1,1,3,0,5,10
7209,1,1,3,0,5,10
7210,2,1,0,0,3,6
7211,2,1,3,0,6,12
7212,1,1,3,0,5,10
7213,1,1,3,0,5,10
7214,1,1,3,0,5,10
7215,2,1,1,0,4,8
7216,2,1,1,0,4,8
7217,2,1,1,0,4,8
7218,2,1,1,0,4,8
7219,2,1,1,0,4,8
7220,2,1,1,0,4,8
7221,2,1,4,0,7,14
7222,2,1,4,0,7,14
7223,2,1,1,0,4,8
7224,1,1,4,0,6,12
7225,1,1,4,0,6,12
7226,1,1,4,0,6,12
7227,1,1,4,0,6,12
7228,1,1,4,0,6,12
7229,1,1,4,0,6,12
7230,1,1,4,0,6,12
7231,1,1,4,0,6,12
7232,1,1,4,0,6,12
7233,1,1,4,0,6,12
7234,1,1,4,0,6,12
7235,1,1,4,0,6,12
7236,1,1,4,0,6,12
7237,1,1,4,0,6,12
7238,1,1,4,0,6,12
7239,1,1,4,10,16,32
7240,1,1,4,0,6,12
7241,1,1,4,0,6,12
7242,1,1,4,0,6,12
7243,1,1,4,0,6,12
7244,1,1,4,0,6,12
7245,1,1,4,0,6,12
7246,1,1,4,0,6,12
7247,2,1,4,0,7,14
7248,2,1,4,0,7,14
7249,2,1,4,0,7,14
7250,2,1,4,0,7,14
7251,2,1,4,0,7,14
7252,2,3,4,0,9,18
7253,2,3,4,0,9,18
7254,2,3,4,10,19,38
7255,2,3,4,10,19,38
7256,1,3,4,10,18,36
7257,2,3,4,10,19,38
7258,2,3,1,10,16,32
7259,2,3,4,0,9,18
7260,2,3,4,0,9,18
7261,2,3,4,0,9,18
7262,2,3,4,0,9,18
7263,3,3,4,0,10,20
7264,2,3,4,0,9,18
7265,3,3,4,0,10,20
7266,3,3,4,0,10,20
7267,2,3,4,0,9,18
7268,2,1,3,0,6,12
7269,3,1,1,0,5,10
7270,3,1,1,0,5,10
7271,3,1,0,10,14,28
7272,3,1,0,10,14,28
7273,3,1,0,10,14,28
7274,3,1,0,0,4,8
7275,2,1,3,10,16,32
7276,1,1,3,0,5,10
7277,1,1,3,0,5,10
7278,1,1,3,0,5,10
7279,1,1,3,0,5,10
7280,2,1,3,0,6,12
7281,2,1,1,5,9,18
7282,2,1,1,0,4,8
7283,3,1,1,5,10,20
7284,2,1,1,10,14,28
7285,2,1,1,5,9,18
7286,2,1,1,10,14,28
7287,1,1,1,5,8,16
7288,1,1,0,0,2,4
7289,1,1,0,0,2,4
7290,1,1,0,0,2,4
7291,2,1,3,10,16,32
7292,2,1,3,0,6,12
7293,2,1,0,0,3,6
7294,1,1,3,0,5,10
7295,1,1,3,0,5,10
7296,1,1,3,0,5,10
7297,1,1,3,0,5,10
7298,1,1,3,0,5,10
7299,1,1,4,0,6,12
7300,1,1,4,0,6,12
7301,1,1,4,0,6,12
7302,1,1,4,0,6,12
7303,1,1,4,0,6,12
7304,1,1,4,0,6,12
7305,1,1,4,0,6,12
7306,1,1,4,0,6,12
7307,1,1,4,0,6,12
7308,1,1,4,0,6,12
7309,1,1,4,0,6,12
7310,1,1,4,0,6,12
7311,1,1,4,0,6,12
7312,1,1,4,0,6,12
7313,1,1,4,0,6,12
7314,2,1,4,0,7,14
7315,2,1,4,0,7,14
7316,1,1,4,0,6,12
7317,1,1,4,0,6,12
7318,1,1,4,0,6,12
7319,1,1,4,0,6,12
7320,1,1,4,0,6,12
7321,1,1,4,0,6,12
7322,2,1,4,0,7,14
7323,2,1,4,0,7,14
7324,2,1,4,0,7,14
7325,2,1,4,0,7,14
7326,2,1,4,0,7,14
7327,2,1,4,0,7,14
7328,2,1,4,0,7,14
7329,2,1,4,0,7,14
7330,1,1,3,0,5,10
7331,2,1,3,0,6,12
7332,2,1,4,0,7,14
7333,2,1,4,0,7,14
7334,2,1,4,0,7,14
7335,2,1,4,0,7,14
7336,2,1,4,0,7,14
7337,0,1,3,0,4,8
7338,0,1,2,0,3,6
7339,1,1,0,2,4,8
7340,1,1,3,0,5,10
7341,1,1,3,0,5,10
7342,2,1,3,0,6,12
7343,2,1,3,0,6,12
7344,3,1,0,10,14,28
7345,2,1,3,0,6,12
7346,2,1,3,0,6,12
7347,3,1,3,0,7,14
7348,2,1,3,0,6,12
7349,2,1,3,0,6,12
7350,2,1,3,0,6,12
7351,2,1,4,0,7,14
7352,2,1,4,0,7,14
7353,2,2,4,0,8,16
7354,2,2,4,0,8,16
7355,2,2,4,0,8,16
7356,2,2,4,0,8,16
7357,2,2,4,0,8,16
7358,2,2,4,0,8,16
7359,2,2,4,0,8,16
7360,2,2,4,0,8,16
7361,2,2,4,0,8,16
7362,2,2,4,0,8,16
7363,2,2,4,0,8,16
7364,2,2,4,0,8,16
7365,2,2,4,0,8,16
7366,1,2,4,0,7,14
7367,1,2,4,0,7,14
7368,1,2,4,0,7,14
7369,1,2,4,0,7,14
7370,1,2,4,10,17,34
7371,1,2,4,0,7,14
7372,1,2,4,0,7,14
7373,1,2,4,0,7,14
7374,1,2,4,0,7,14
7375,3,2,4,0,9,18
7376,2,2,4,0,8,16
7377,1,2,4,0,7,14
7378,1,2,4,0,7,14
7379,1,2,4,0,7,14
7380,1,2,4,0,7,14
7381,1,2,4,0,7,14
7382,1,2,4,0,7,14
7383,1,2,4,0,7,14
7384,1,2,4,0,7,14
7385,1,2,4,0,7,14
7386,1,2,4,0,7,14
7387,1,2,4,0,7,14
7388,2,2,4,0,8,16
7389,1,2,4,0,7,14
7390,1,2,4,0,7,14
7391,1,2,4,0,7,14
7392,1,2,4,0,7,14
7393,2,2,4,0,8,16
7394,2,2,4,0,8,16
7395,2,2,3,0,7,14
7396,2,2,3,0,7,14
7397,2,2,3,10,17,34
7398,2,2,3,0,7,14
7399,2,2,3,0,7,14
7400,2,2,3,0,7,14
7401,2,2,4,10,18,36
7402,2,2,3,0,7,14
7403,2,2,3,0,7,14
7404,2,2,3,0,7,14
7405,2,2,3,0,7,14
7406,2,2,3,0,7,14
7407,2,2,4,10,18,36
7408,2,2,4,10,18,36
7409,1,2,3,0,6,12
7410,1,2,3,0,6,12
7411,1,2,3,0,6,12
7412,1,2,3,10,16,32
7413,1,2,3,0,6,12
7414,1,2,3,0,6,12
7415,1,2,3,10,16,32
7416,1,2,3,10,16,32
7417,1,2,3,10,16,32
7418,1,2,3,10,16,32
7419,1,2,3,10,16,32
7420,1,2,3,10,16,32
7421,1,2,3,10,16,32
7422,1,2,3,10,16,32
7423,1,2,3,10,16,32
7424,1,2,3,0,6,12
7425,2,1,3,0,6,12
7426,1,1,3,0,5,10
7427,1,1,3,0,5,10
7428,1,1,3,0,5,10
7429,3,1,1,0,5,10
7430,2,1,2,0,5,10
7431,3,1,1,5,10,20
7432,3,1,1,5,10,20
7433,1,1,1,3,6,12
7434,1,1,1,0,3,6
7435,1,1,1,0,3,6
7436,1,1,1,0,3,6
7437,1,1,1,0,3,6
7438,1,1,1,0,3,6
7439,1,1,1,0,3,6
7440,1,1,1,0,3,6
7441,1,1,1,0,3,6
7442,1,1,1,0,3,6
7443,1,1,1,0,3,6
7444,1,1,1,0,3,6
7445,1,1,1,0,3,6
7446,1,1,1,0,3,6
7447,1,1,1,0,3,6
7448,1,3,3,5,12,24
7449,1,3,3,4,11,22
7450,2,1,0,0,3,6
7451,2,1,0,0,3,6
7452,2,1,0,0,3,6
7453,2,1,0,0,3,6
7454,2,1,1,0,4,8
7455,2,1,1,0,4,8
7456,2,3,1,0,6,12
7457,2,3,3,0,8,16
7458,2,3,1,0,6,12
7459,2,3,4,0,9,18
7460,2,3,4,0,9,18
7461,2,3,4,0,9,18
7462,2,3,4,0,9,18
7463,2,3,4,0,9,18
7464,1,3,4,0,8,16
7465,1,3,4,0,8,16
7466,2,3,4,0,9,18
7467,1,3,4,0,8,16
7468,1,3,4,0,8,16
7469,1,3,4,0,8,16
7470,1,3,4,0,8,16
7471,1,3,4,0,8,16
7472,1,1,4,10,16,32
7473,1,1,4,0,6,12
7474,1,1,4,0,6,12
7475,1,1,4,0,6,12
7476,2,1,4,0,7,14
7477,2,1,4,0,7,14
7478,3,1,4,0,8,16
7479,2,1,4,0,7,14
7480,1,1,4,0,6,12
7481,1,1,4,0,6,12
7482,1,1,4,0,6,12
7483,2,1,4,0,7,14
7484,2,1,4,0,7,14
7485,2,1,4,0,7,14
7486,2,1,4,0,7,14
7487,2,1,4,0,7,14
7488,2,1,4,0,7,14
7489,2,1,4,0,7,14
7490,2,1,4,0,7,14
7491,1,1,4,0,6,12
7492,2,1,3,0,6,12
7493,2,1,3,0,6,12
7494,2,1,3,0,6,12
7495,2,1,3,0,6,12
7496,2,1,4,0,7,14
7497,1,1,4,0,6,12
7498,2,1,4,0,7,14
7499,2,1,4,0,7,14
7500,2,1,4,0,7,14
7501,2,1,4,0,7,14
7502,1,1,4,10,16,32
7503,1,1,4,10,16,32
7504,1,1,4,0,6,12
7505,1,1,4,0,6,12
7506,1,1,4,0,6,12
7507,1,1,4,0,6,12
7508,1,1,4,0,6,12
7509,1,1,4,0,6,12
7510,2,1,4,0,7,14
7511,2,1,4,0,7,14
7512,1,1,3,0,5,10
7513,2,1,3,0,6,12
7514,1,1,3,0,5,10
7515,2,1,3,0,6,12
7516,0,1,3,0,4,8
7517,2,1,3,0,6,12
7518,3,1,0,0,4,8
7519,1,1,3,0,5,10
7520,2,1,3,0,6,12
7521,1,1,3,0,5,10
7522,2,1,0,0,3,6
7523,2,1,1,10,14,28
7524,2,1,1,10,14,28
7525,2,3,1,5,11,22
7526,2,3,2,5,12,24
7527,2,3,1,5,11,22
7528,2,3,1,0,6,12
7529,2,3,1,0,6,12
7530,2,3,1,0,6,12
7531,2,3,4,0,9,18
7532,2,3,1,0,6,12
7533,2,3,4,0,9,18
7534,1,3,4,0,8,16
7535,2,3,4,0,9,18
7536,2,3,4,0,9,18
7537,2,3,4,0,9,18
7538,2,3,4,0,9,18
7539,1,3,4,0,8,16
7540,1,3,4,0,8,16
7541,1,1,4,0,6,12
7542,1,1,4,0,6,12
7543,1,1,4,0,6,12
7544,1,1,4,0,6,12
7545,1,1,4,0,6,12
7546,1,1,4,0,6,12
7547,1,1,4,0,6,12
7548,1,1,4,0,6,12
7549,2,1,4,0,7,14
7550,1,1,3,0,5,10
7551,1,1,3,0,5,10
7552,1,1,4,0,6,12
7553,1,1,4,0,6,12
7554,1,1,4,0,6,12
7555,1,1,4,0,6,12
7556,1,1,4,0,6,12
7557,1,1,4,0,6,12
7558,1,1,4,0,6,12
7559,1,1,4,0,6,12
7560,1,1,4,0,6,12
7561,2,1,4,0,7,14
7562,2,1,4,0,7,14
7563,2,1,4,10,17,34
7564,2,1,4,0,7,14
7565,2,1,4,0,7,14
7566,2,1,4,0,7,14
7567,1,1,4,0,6,12
7568,2,1,4,0,7,14
7569,2,1,4,0,7,14
7570,2,1,4,0,7,14
7571,2,1,4,0,7,14
7572,2,1,4,0,7,14
7573,2,1,4,0,7,14
7574,1,1,4,0,6,12
7575,1,1,4,0,6,12
7576,1,1,3,0,5,10
7577,1,1,3,10,15,30
7578,0,1,3,0,4,8
7579,1,1,3,0,5,10
7580,1,1,3,0,5,10
7581,1,1,3,0,5,10
7582,2,1,1,0,4,8
7583,2,1,3,0,6,12
7584,2,1,1,0,4,8
7585,2,1,1,0,4,8
7586,2,1,1,0,4,8
7587,1,1,3,0,5,10
7588,1,1,3,0,5,10
7589,2,2,0,5,9,18
7590,3,2,0,5,10,20
7591,3,2,0,5,10,20
7592,2,2,0,0,4,8
7593,1,2,0,5,8,16
7594,3,2,0,5,10,20
7595,2,2,0,5,9,18
7596,3,2,0,5,10,20
7597,1,2,0,5,8,16
7598,1,1,3,0,5,10
7599,3,1,0,0,4,8
7600,1,1,3,0,5,10
7601,1,1,3,0,5,10
7602,1,1,3,0,5,10
7603,1,1,3,0,5,10
7604,2,1,3,0,6,12
7605,1,1,3,0,5,10
7606,2,1,3,0,6,12
7607,3,1,0,0,4,8
7608,2,1,3,0,6,12
7609,2,1,3,0,6,12
7610,2,1,3,0,6,12
7611,3,1,3,0,7,14
7612,2,1,3,0,6,12
7613,2,1,3,0,6,12
7614,2,1,4,0,7,14
7615,2,1,4,0,7,14
7616,2,1,4,0,7,14
7617,2,1,4,0,7,14
7618,2,1,4,0,7,14
7619,2,1,1,0,4,8
7620,2,1,4,0,7,14
7621,2,1,4,0,7,14
7622,1,1,4,0,6,12
7623,2,1,4,0,7,14
7624,2,1,4,0,7,14
7625,2,1,4,0,7,14
7626,1,1,4,0,6,12
7627,1,1,4,0,6,12
7628,1,1,4,0,6,12
7629,1,1,4,0,6,12
7630,1,1,4,0,6,12
7631,1,1,4,0,6,12
7632,1,1,4,0,6,12
7633,1,1,4,0,6,12
7634,1,1,4,0,6,12
7635,1,1,4,10,16,32
7636,2,1,4,0,7,14
7637,1,1,4,0,6,12
7638,2,1,4,0,7,14
7639,2,1,4,0,7,14
7640,1,1,4,0,6,12
7641,1,1,4,0,6,12
7642,1,1,4,0,6,12
7643,1,1,4,0,6,12
7644,1,1,4,0,6,12
7645,1,1,4,0,6,12
7646,1,1,4,0,6,12
7647,1,1,4,0,6,12
7648,1,1,4,0,6,12
7649,1,1,4,0,6,12
7650,1,1,4,0,6,12
7651,1,1,4,0,6,12
7652,1,1,4,0,6,12
7653,1,1,4,0,6,12
7654,1,1,1,0,3,6
7655,1,1,1,10,13,26
7656,1,1,3,0,5,10
7657,1,1,3,0,5,10
7658,2,1,0,6,9,18
7659,2,1,0,0,3,6
7660,2,1,0,10,13,26
7661,2,1,0,10,13,26
7662,2,1,0,10,13,26
7663,2,1,0,10,13,26
7664,2,1,0,10,13,26
7665,2,1,0,0,3,6
7666,2,1,0,10,13,26
7667,2,1,0,0,3,6
7668,2,1,1,10,14,28
7669,2,1,1,5,9,18
7670,2,1,1,10,14,28
7671,2,1,1,10,14,28
7672,2,1,1,10,14,28
7673,2,1,1,10,14,28
7674,2,1,0,0,3,6
7675,1,1,3,0,5,10
7676,2,1,3,0,6,12
7677,1,1,3,0,5,10
7678,1,1,3,10,15,30
7679,1,1,3,10,15,30
7680,2,1,3,0,6,12
7681,1,1,3,0,5,10
7682,2,1,3,0,6,12
7683,2,1,3,0,6,12
7684,2,1,3,0,6,12
7685,2,1,3,0,6,12
7686,2,1,3,0,6,12
7687,2,1,3,0,6,12
7688,2,1,1,0,4,8
7689,2,1,1,0,4,8
7690,2,1,1,0,4,8
7691,3,1,4,0,8,16
7692,2,1,1,0,4,8
7693,2,1,1,0,4,8
7694,2,1,4,0,7,14
7695,2,1,4,0,7,14
7696,2,1,4,0,7,14
7697,2,1,4,0,7,14
7698,1,1,4,0,6,12
7699,2,1,4,0,7,14
7700,1,1,4,0,6,12
7701,2,1,4,0,7,14
7702,1,1,4,0,6,12
7703,1,1,4,0,6,12
7704,1,1,4,0,6,12
7705,1,1,4,0,6,12
7706,1,1,4,0,6,12
7707,1,1,4,0,6,12
7708,1,1,4,0,6,12
7709,1,1,4,0,6,12
7710,1,1,4,0,6,12
7711,1,1,4,0,6,12
7712,1,1,4,0,6,12
7713,1,1,4,0,6,12
7714,1,1,4,10,16,32
7715,2,1,4,10,17,34
7716,2,1,4,0,7,14
7717,2,1,4,0,7,14
7718,2,1,1,10,14,28
7719,2,1,4,0,7,14
7720,2,1,4,0,7,14
7721,2,1,4,0,7,14
7722,2,1,4,0,7,14
7723,2,1,4,0,7,14
7724,1,1,4,0,6,12
7725,2,1,4,0,7,14
7726,2,1,4,0,7,14
7727,2,1,4,0,7,14
7728,2,1,4,0,7,14
7729,1,1,3,0,5,10
7730,1,1,3,0,5,10
7731,2,3,3,10,18,36
7732,2,3,3,0,8,16
7733,3,3,3,0,9,18
7734,3,3,3,0,9,18
7735,2,3,3,0,8,16
7736,2,3,3,0,8,16
7737,2,3,3,0,8,16
7738,2,3,3,0,8,16
7739,2,1,3,0,6,12
7740,3,1,3,0,7,14
7741,2,1,3,0,6,12
7742,2,1,3,0,6,12
7743,1,1,3,0,5,10
7744,1,1,3,0,5,10
7745,1,1,3,0,5,10
7746,1,1,3,0,5,10
7747,1,1,3,0,5,10
7748,2,1,3,0,6,12
7749,2,1,0,0,3,6
7750,3,1,0,10,14,28
7751,1,1,3,0,5,10
7752,1,1,3,0,5,10
7753,1,1,3,0,5,10
7754,2,1,0,0,3,6
7755,3,1,0,10,14,28
7756,3,1,0,10,14,28
7757,2,1,3,0,6,12
7758,2,1,3,0,6,12
7759,2,1,0,0,3,6
7760,2,1,0,10,13,26
7761,2,1,0,10,13,26
7762,2,1,0,0,3,6
7763,2,1,0,10,13,26
7764,2,1,3,0,6,12
7765,2,1,3,0,6,12
7766,1,1,3,0,5,10
7767,1,1,3,0,5,10
7768,0,1,3,0,4,8
7769,0,1,3,0,4,8
7770,0,1,3,0,4,8
7771,0,1,3,0,4,8
7772,0,1,2,5,8,16
7773,0,1,2,5,8,16
7774,0,1,2,5,8,16
7775,0,1,2,5,8,16
7776,0,1,3,0,4,8
7777,0,1,3,0,4,8
7778,0,1,3,0,4,8
7779,0,1,1,0,2,4
7780,0,1,3,0,4,8
7781,0,1,3,0,4,8
7782,1,1,3,0,5,10
7783,1,1,3,0,5,10
7784,1,1,3,0,5,10
7785,2,1,3,0,6,12
7786,2,1,3,0,6,12
7787,2,1,0,0,3,6
7788,2,1,1,5,9,18
7789,2,1,1,5,9,18
7790,2,1,2,5,10,20
7791,2,1,4,10,17,34
7792,2,1,1,10,14,28
7793,2,1,1,0,4,8
7794,2,1,4,0,7,14
7795,2,1,4,0,7,14
7796,2,1,1,0,4,8
7797,1,1,4,0,6,12
7798,2,1,4,0,7,14
7799,1,1,4,0,6,12
7800,2,1,4,0,7,14
7801,2,1,4,0,7,14
7802,2,1,4,0,7,14
7803,1,1,4,0,6,12
7804,2,1,4,0,7,14
7805,1,1,4,0,6,12
7806,1,1,4,0,6,12
7807,1,1,4,0,6,12
7808,1,1,4,0,6,12
7809,2,1,4,0,7,14
7810,1,1,4,0,6,12
7811,1,1,4,0,6,12
7812,2,1,4,0,7,14
7813,1,1,4,0,6,12
7814,1,1,4,0,6,12
7815,1,1,4,0,6,12
7816,1,1,4,0,6,12
7817,1,1,4,0,6,12
7818,1,1,4,0,6,12
7819,1,1,4,0,6,12
7820,1,1,4,0,6,12
7821,1,1,4,0,6,12
7822,1,1,4,0,6,12
7823,1,1,4,0,6,12
7824,1,1,4,0,6,12
7825,1,1,4,0,6,12
7826,1,1,4,0,6,12
7827,1,1,4,0,6,12
7828,1,1,4,0,6,12
7829,1,1,4,0,6,12
7830,1,1,4,0,6,12
7831,1,1,4,0,6,12
7832,1,1,4,0,6,12
7833,2,1,4,0,7,14
7834,1,1,4,0,6,12
7835,2,1,3,10,16,32
7836,2,1,3,0,6,12
7837,3,1,3,0,7,14
7838,3,1,3,0,7,14
7839,2,1,3,0,6,12
7840,2,1,3,10,16,32
7841,0,1,3,10,14,28
7842,0,1,3,10,14,28
7843,0,1,1,3,5,10
7844,2,1,0,10,13,26
7845,1,1,0,10,12,24
7846,1,1,3,0,5,10
7847,2,1,3,10,16,32
7848,2,1,4,10,17,34
7849,2,1,1,0,4,8
7850,2,1,1,0,4,8
7851,2,1,1,0,4,8
7852,2,1,1,0,4,8
7853,2,1,1,0,4,8
7854,2,1,1,0,4,8
7855,2,1,1,0,4,8
7856,2,1,1,0,4,8
7857,2,1,1,3,7,14
7858,2,1,3,0,6,12
7859,2,1,0,0,3,6
7860,1,1,0,0,2,4
7861,2,1,0,0,3,6
7862,2,1,0,0,3,6
7863,2,1,0,0,3,6
7864,2,3,3,2,10,20
7865,1,1,3,0,5,10
7866,1,1,3,0,5,10
7867,1,1,3,0,5,10
7868,1,1,3,0,5,10
7869,1,1,3,0,5,10
7870,1,1,3,0,5,10
7871,1,1,4,0,6,12
7872,1,1,4,0,6,12
7873,1,1,4,0,6,12
7874,1,1,4,0,6,12
7875,1,1,3,10,15,30
7876,2,1,3,10,16,32
7877,2,1,3,10,16,32
7878,2,1,3,10,16,32
7879,2,1,3,10,16,32
7880,2,1,3,0,6,12
7881,1,1,3,0,5,10
7882,1,1,1,0,3,6
7883,1,1,1,3,6,12
7884,1,1,1,2,5,10
7885,0,1,1,7,9,18
7886,1,1,1,7,10,20
7887,1,1,1,6,9,18
7888,1,1,1,2,5,10
7889,0,1,0,2,3,6
7890,0,1,0,2,3,6
7891,1,1,3,0,5,10
7892,1,1,3,10,15,30
7893,1,1,0,10,12,24
7894,1,1,3,10,15,30
7895,2,1,3,0,6,12
7896,2,1,3,0,6,12
7897,1,1,3,0,5,10
7898,1,1,3,0,5,10
7899,1,1,4,0,6,12
7900,1,1,4,0,6,12
7901,1,1,4,0,6,12
7902,1,1,4,0,6,12
7903,1,1,4,0,6,12
7904,1,1,4,0,6,12
7905,1,1,4,0,6,12
7906,1,1,4,0,6,12
7907,1,1,4,0,6,12
7908,2,1,4,0,7,14
7909,1,1,3,0,5,10
7910,2,1,3,0,6,12
7911,2,1,4,0,7,14
7912,2,1,1,0,4,8
7913,1,1,1,0,3,6
7914,2,1,4,0,7,14
7915,1,1,4,0,6,12
7916,2,1,4,0,7,14
7917,2,1,4,0,7,14
7918,2,1,4,0,7,14
7919,3,1,4,4,12,24
7920,2,1,4,4,11,22
7921,2,1,4,0,7,14
7922,2,1,4,0,7,14
7923,2,1,4,0,7,14
7924,2,1,4,0,7,14
7925,1,1,4,0,6,12
7926,1,1,4,0,6,12
7927,1,1,4,0,6,12
7928,2,1,4,0,7,14
7929,2,1,4,0,7,14
7930,2,1,4,10,17,34
7931,2,1,3,0,6,12
7932,1,1,1,0,3,6
7933,0,1,1,0,2,4
7934,1,1,1,3,6,12
7935,1,1,3,0,5,10
7936,1,1,3,10,15,30
7937,1,1,3,0,5,10
7938,1,1,1,0,3,6
7939,0,1,1,2,4,8
7940,0,1,1,2,4,8
7941,0,1,1,2,4,8
7942,0,1,1,2,4,8
7943,0,1,1,2,4,8
7944,2,1,0,0,3,6
7945,1,1,3,0,5,10
7946,1,1,3,0,5,10
7947,1,1,0,0,2,4
7948,1,1,3,0,5,10
7949,1,1,0,0,2,4
7950,1,1,0,0,2,4
7951,1,1,0,0,2,4
7952,2,1,0,0,3,6
7953,2,1,0,0,3,6
7954,2,1,3,0,6,12
7955,2,1,3,0,6,12
7956,2,1,3,0,6,12
7957,2,1,3,0,6,12
7958,2,1,3,0,6,12
7959,2,1,3,0,6,12
7960,2,1,3,0,6,12
7961,2,1,3,0,6,12
7962,1,1,3,0,5,10
7963,2,1,3,0,6,12
7964,2,1,3,0,6,12
7965,0,1,3,0,4,8
7966,1,1,3,0,5,10
7967,1,1,3,0,5,10
7968,0,1,3,0,4,8
7969,0,1,3,0,4,8
7970,0,1,3,0,4,8
7971,0,1,3,0,4,8
7972,1,1,3,0,5,10
7973,1,1,3,0,5,10
7974,1,1,3,0,5,10
7975,1,1,3,0,5,10
7976,1,1,3,0,5,10
7977,1,1,3,0,5,10
7978,1,1,3,0,5,10
7979,1,1,4,0,6,12
7980,1,1,4,0,6,12
7981,1,1,4,0,6,12
7982,1,1,4,0,6,12
7983,1,1,4,0,6,12
7984,1,1,4,0,6,12
7985,1,1,4,0,6,12
7986,1,1,3,10,15,30
7987,1,1,3,10,15,30
7988,1,1,3,0,5,10
7989,1,1,3,0,5,10
7990,1,1,3,0,5,10
7991,1,1,1,0,3,6
7992,1,1,3,0,5,10
7993,1,1,3,0,5,10
7994,1,1,3,0,5,10
7995,2,1,3,0,6,12
7996,2,1,3,0,6,12
7997,1,1,3,0,5,10
7998,1,1,4,0,6,12
7999,1,1,4,0,6,12
